0.000000000000000000e+00 0.000000000000000000e+00
2.541544477028347994e-03 4.282166279709945229e+03
5.083088954056695988e-03 4.343855481255158338e+03
7.624633431085043982e-03 4.406129988320956727e+03
1.016617790811339198e-02 4.468990323953083134e+03
1.270772238514173910e-02 4.532436928411335430e+03
1.524926686217008796e-02 4.596470158406546943e+03
1.779081133919843682e-02 4.661090286354916316e+03
2.033235581622678395e-02 4.726297499649428573e+03
2.287390029325513108e-02 4.792091899949248727e+03
2.541544477028347820e-02 4.858473502486960570e+03
2.795698924731182880e-02 4.925442235394285490e+03
3.049853372434017593e-02 4.992997939046329520e+03
3.304007820136852652e-02 5.061140365424931588e+03
3.558162267839687365e-02 5.129869177501129343e+03
3.812316715542522078e-02 5.199183948637241883e+03
4.066471163245356790e-02 5.269084162008746716e+03
4.320625610948191503e-02 5.339569210046338412e+03
4.574780058651026216e-02 5.410638393898188042e+03
4.828934506353860928e-02 5.482290922912970927e+03
5.083088954056695641e-02 5.554525914143770933e+03
5.337243401759531047e-02 5.627342391873026827e+03
5.591397849462365760e-02 5.700739287158883599e+03
5.845552297165200473e-02 5.774715437403319811e+03
6.099706744868035185e-02 5.849269585941789956e+03
6.353861192570869898e-02 5.924400381655060301e+03
6.608015640273705305e-02 6.000106378603488338e+03
6.862170087976539323e-02 6.076386035683404771e+03
7.116324535679374730e-02 6.153237716306422044e+03
7.370478983382208749e-02 6.230659688101388383e+03
7.624633431085044155e-02 6.308650122639553956e+03
7.878787878787878174e-02 6.387207095182641751e+03
8.132942326490713580e-02 6.466328584454531665e+03
8.387096774193548987e-02 6.546012472436314965e+03
8.641251221896383006e-02 6.626256544184861923e+03
8.895405669599218412e-02 6.707058487675386459e+03
9.149560117302052431e-02 6.788415893667728596e+03
9.403714565004887838e-02 6.870326255596750343e+03
9.657869012707721856e-02 6.952786969486730413e+03
9.912023460410557263e-02 7.035795333890104303e+03
1.016617790811339128e-01 7.119348549850428753e+03
1.042033235581622669e-01 7.203443720889776159e+03
1.067448680351906209e-01 7.288077853020533439e+03
1.092864125122189611e-01 7.373247854781781825e+03
1.118279569892473152e-01 7.458950537300217547e+03
1.143695014662756554e-01 7.545182614375700723e+03
1.169110459433040095e-01 7.631940702591475201e+03
1.194525904203323496e-01 7.719221321449132120e+03
1.219941348973607037e-01 7.807020893528088891e+03
1.245356793743890578e-01 7.895335744669901942e+03
1.270772238514173980e-01 7.984162104187531440e+03
1.296187683284457381e-01 8.073496105098747648e+03
1.321603128054741061e-01 8.163333784384712999e+03
1.347018572825024463e-01 8.253671083273095064e+03
1.372434017595307865e-01 8.344503847545633107e+03
1.397849462365591267e-01 8.435827827870452893e+03
1.423264907135874946e-01 8.527638680158950592e+03
1.448680351906158348e-01 8.619931965946880155e+03
1.474095796676441750e-01 8.712703152800046155e+03
1.499511241446725429e-01 8.805947614744249222e+03
1.524926686217008831e-01 8.899660632719422210e+03
1.550342130987292233e-01 8.993837395057942558e+03
1.575757575757575635e-01 9.088472997986707924e+03
1.601173020527859314e-01 9.183562446153549899e+03
1.626588465298142716e-01 9.279100653176948981e+03
1.652003910068426118e-01 9.375082442219667428e+03
1.677419354838709797e-01 9.471502546585714299e+03
1.702834799608993199e-01 9.568355610340953717e+03
1.728250244379276601e-01 9.665636188956279511e+03
1.753665689149560003e-01 9.763338749974493112e+03
1.779081133919843682e-01 9.861457673699618681e+03
1.804496578690127084e-01 9.959987253908930143e+03
1.829912023460410486e-01 1.005892169858738635e+04
1.855327468230694166e-01 1.015825513068460168e+04
1.880742913000977568e-01 1.025798158889362094e+04
1.906158357771260969e-01 1.035809502845141833e+04
1.931573802541544371e-01 1.045858932196151363e+04
1.956989247311828051e-01 1.055945826023731388e+04
1.982404692082111453e-01 1.066069555316717015e+04
2.007820136852394854e-01 1.076229483060002167e+04
2.033235581622678256e-01 1.086424964325192013e+04
2.058651026392961936e-01 1.096655346363256831e+04
2.084066471163245338e-01 1.106919968699240417e+04
2.109481915933528740e-01 1.117218163228945923e+04
2.134897360703812419e-01 1.127549254317546729e+04
2.160312805474095821e-01 1.137912558900169097e+04
2.185728250244379223e-01 1.148307386584350024e+04
2.211143695014662625e-01 1.158733039754373749e+04
2.236559139784946304e-01 1.169188813677448343e+04
2.261974584555229706e-01 1.179673996611672374e+04
2.287390029325513108e-01 1.190187869915825286e+04
2.312805474095796787e-01 1.200729708160844166e+04
2.338220918866080189e-01 1.211298779243055287e+04
2.363636363636363591e-01 1.221894344499068211e+04
2.389051808406646993e-01 1.232515658822310252e+04
2.414467253176930672e-01 1.243161970781190757e+04
2.439882697947214074e-01 1.253832522738816806e+04
2.465298142717497476e-01 1.264526550974281599e+04
2.490713587487781155e-01 1.275243285805408595e+04
2.516129032258064280e-01 1.285981951713019771e+04
2.541544477028347959e-01 1.296741767466609053e+04
2.566959921798631639e-01 1.307521946251394547e+04
2.592375366568914763e-01 1.318321695796763743e+04
2.617790811339198442e-01 1.329140218506031488e+04
2.643206256109482122e-01 1.339976711587441605e+04
2.668621700879765246e-01 1.350830367186463809e+04
2.694037145650048926e-01 1.361700372519269513e+04
2.719452590420332605e-01 1.372585910007378880e+04
2.744868035190615729e-01 1.383486157413422916e+04
2.770283479960899409e-01 1.394400287978005872e+04
2.795698924731182533e-01 1.405327470557618108e+04
2.821114369501466212e-01 1.416266869763536306e+04
2.846529814271749892e-01 1.427217646101698847e+04
2.871945259042033016e-01 1.438178956113533422e+04
2.897360703812316696e-01 1.449149952517598467e+04
2.922776148582600375e-01 1.460129784352160277e+04
2.948191593352883499e-01 1.471117597118497179e+04
2.973607038123167179e-01 1.482112532925015694e+04
2.999022482893450858e-01 1.493113730632033003e+04
3.024437927663733983e-01 1.504120325997303371e+04
3.049853372434017662e-01 1.515131451822129020e+04
3.075268817204301341e-01 1.526146238098089270e+04
3.100684261974584466e-01 1.537163812154312654e+04
3.126099706744868145e-01 1.548183298805264894e+04
3.151515151515151270e-01 1.559203820499032372e+04
3.176930596285434949e-01 1.570224497465958120e+04
3.202346041055718628e-01 1.581244447867760937e+04
3.227761485826001753e-01 1.592262787946932258e+04
3.253176930596285432e-01 1.603278632176451356e+04
3.278592375366569112e-01 1.614291093409765017e+04
3.304007820136852236e-01 1.625299283030999686e+04
3.329423264907135915e-01 1.636302311105323861e+04
3.354838709677419595e-01 1.647299286529456367e+04
3.380254154447702719e-01 1.658289317182291416e+04
3.405669599217986399e-01 1.669271510075544938e+04
3.431085043988269523e-01 1.680244971504426576e+04
3.456500488758553202e-01 1.691208807198300929e+04
3.481915933528836882e-01 1.702162122471239127e+04
3.507331378299120006e-01 1.713104022372507825e+04
3.532746823069403685e-01 1.724033611836881755e+04
3.558162267839687365e-01 1.734949995834754009e+04
3.583577712609970489e-01 1.745852279522058234e+04
3.608993157380254169e-01 1.756739568389885608e+04
3.634408602150537848e-01 1.767610968413798037e+04
3.659824046920820972e-01 1.778465586202824488e+04
3.685239491691104652e-01 1.789302529148017857e+04
3.710654936461388331e-01 1.800120905570628383e+04
3.736070381231671456e-01 1.810919824869836884e+04
3.761485826001955135e-01 1.821698397669886617e+04
3.786901270772238259e-01 1.832455735966805878e+04
3.812316715542521939e-01 1.843190953274454660e+04
3.837732160312805618e-01 1.853903164770025251e+04
3.863147605083088743e-01 1.864591487438840340e+04
3.888563049853372422e-01 1.875255040218526119e+04
3.913978494623656101e-01 1.885892944142413035e+04
3.939393939393939226e-01 1.896504322482203133e+04
3.964809384164222905e-01 1.907088300889853781e+04
3.990224828934506585e-01 1.917644007538638107e+04
4.015640273704789709e-01 1.928170573263312690e+04
4.041055718475073388e-01 1.938667131699459787e+04
4.066471163245356513e-01 1.949132819421838576e+04
4.091886608015640192e-01 1.959566776081816352e+04
4.117302052785923872e-01 1.969968144543800372e+04
4.142717497556206996e-01 1.980336071020660893e+04
4.168132942326490675e-01 1.990669705208088635e+04
4.193548387096774355e-01 2.000968200417868138e+04
4.218963831867057479e-01 2.011230713710045529e+04
4.244379276637341158e-01 2.021456406023973614e+04
4.269794721407624838e-01 2.031644442308144789e+04
4.295210166177907962e-01 2.041793991648853626e+04
4.320625610948191642e-01 2.051904227397653449e+04
4.346041055718475321e-01 2.061974327297475611e+04
4.371456500488758445e-01 2.072003473607583510e+04
4.396871945259042125e-01 2.081990853227120169e+04
4.422287390029325249e-01 2.091935657817383253e+04
4.447702834799608929e-01 2.101837083922690726e+04
4.473118279569892608e-01 2.111694333089928114e+04
4.498533724340175732e-01 2.121506611986643475e+04
4.523949169110459412e-01 2.131273132517698104e+04
4.549364613880743091e-01 2.140993111940506060e+04
4.574780058651026216e-01 2.150665772978783934e+04
4.600195503421309895e-01 2.160290343934807606e+04
4.625610948191593574e-01 2.169866058800082828e+04
4.651026392961876699e-01 2.179392157364614468e+04
4.676441837732160378e-01 2.188867885324491726e+04
4.701857282502444058e-01 2.198292494387941770e+04
4.727272727272727182e-01 2.207665242379810297e+04
4.752688172043010861e-01 2.216985393344381737e+04
4.778103616813293986e-01 2.226252217646593999e+04
4.803519061583577665e-01 2.235464992071585948e+04
4.828934506353861345e-01 2.244622999922643794e+04
4.854349951124144469e-01 2.253725531117333958e+04
4.879765395894428148e-01 2.262771882282082515e+04
4.905180840664711828e-01 2.271761356844971669e+04
4.930596285434994952e-01 2.280693265126802362e+04
4.956011730205278631e-01 2.289566924430432846e+04
4.981427174975562311e-01 2.298381659128419778e+04
5.006842619745845990e-01 2.307136800748802489e+04
5.032258064516128560e-01 2.315831688059187945e+04
5.057673509286412239e-01 2.324465667149020010e+04
5.083088954056695918e-01 2.333038091510035520e+04
5.108504398826979598e-01 2.341548322115007250e+04
5.133919843597263277e-01 2.349995727494515813e+04
5.159335288367546957e-01 2.358379683812068106e+04
5.184750733137829526e-01 2.366699574937280340e+04
5.210166177908113205e-01 2.374954792517255555e+04
5.235581622678396885e-01 2.383144736046107573e+04
5.260997067448680564e-01 2.391268812932686342e+04
5.286412512218964244e-01 2.399326438566362413e+04
5.311827956989246813e-01 2.407317036381027719e+04
5.337243401759530492e-01 2.415240037917199516e+04
5.362658846529814172e-01 2.423094882882274760e+04
5.388074291300097851e-01 2.430881019208881844e+04
5.413489736070381531e-01 2.438597903111404958e+04
5.438905180840665210e-01 2.446244999140597429e+04
5.464320625610947779e-01 2.453821780236333143e+04
5.489736070381231459e-01 2.461327727778514600e+04
5.515151515151515138e-01 2.468762331636013914e+04
5.540566959921798817e-01 2.476125090213850854e+04
5.565982404692082497e-01 2.483415510498432195e+04
5.591397849462365066e-01 2.490633108100871686e+04
5.616813294232648746e-01 2.497777407298583057e+04
5.642228739002932425e-01 2.504847941074829578e+04
5.667644183773216104e-01 2.511844251156546306e+04
5.693059628543499784e-01 2.518765888050208378e+04
5.718475073313783463e-01 2.525612411075889031e+04
5.743890518084066033e-01 2.532383388399447722e+04
5.769305962854349712e-01 2.539078397062857766e+04
5.794721407624633391e-01 2.545697023012719001e+04
5.820136852394917071e-01 2.552238861126889606e+04
5.845552297165200750e-01 2.558703515239317494e+04
5.870967741935483319e-01 2.565090598163061441e+04
5.896383186705766999e-01 2.571399731711412824e+04
5.921798631476050678e-01 2.577630546717326433e+04
5.947214076246334358e-01 2.583782683050962441e+04
5.972629521016618037e-01 2.589855789635442488e+04
5.998044965786901717e-01 2.595849524460859902e+04
6.023460410557184286e-01 2.601763554596475660e+04
6.048875855327467965e-01 2.607597556201200496e+04
6.074291300097751645e-01 2.613351214532255472e+04
6.099706744868035324e-01 2.619024223952141620e+04
6.125122189638319004e-01 2.624616287933820058e+04
6.150537634408602683e-01 2.630127119064296494e+04
6.175953079178885252e-01 2.635556439046278683e+04
6.201368523949168932e-01 2.640903978698395804e+04
6.226783968719452611e-01 2.646169477953520254e+04
6.252199413489736290e-01 2.651352685855520031e+04
6.277614858260019970e-01 2.656453360554372921e+04
6.303030303030302539e-01 2.661471269299525738e+04
6.328445747800586219e-01 2.666406188431762712e+04
6.353861192570869898e-01 2.671257903373355293e+04
6.379276637341153577e-01 2.676026208616641816e+04
6.404692082111437257e-01 2.680710907711061736e+04
6.430107526881720936e-01 2.685311813248537146e+04
6.455522971652003505e-01 2.689828746847343427e+04
6.480938416422287185e-01 2.694261539134484701e+04
6.506353861192570864e-01 2.698610029726452922e+04
6.531769305962854544e-01 2.702874067208544147e+04
6.557184750733138223e-01 2.707053509112661413e+04
6.582600195503420792e-01 2.711148221893645677e+04
6.608015640273704472e-01 2.715158080904169037e+04
6.633431085043988151e-01 2.719082970368140013e+04
6.658846529814271831e-01 2.722922783352747501e+04
6.684261974584555510e-01 2.726677421739046258e+04
6.709677419354839190e-01 2.730346796191205067e+04
6.735092864125121759e-01 2.733930826124347732e+04
6.760508308895405438e-01 2.737429439671050204e+04
6.785923753665689118e-01 2.740842573646537494e+04
6.811339198435972797e-01 2.744170173512538167e+04
6.836754643206256477e-01 2.747412193339828809e+04
6.862170087976539046e-01 2.750568595769581589e+04
6.887585532746822725e-01 2.753639351973345038e+04
6.913000977517106405e-01 2.756624441611877774e+04
6.938416422287390084e-01 2.759523852792760590e+04
6.963831867057673763e-01 2.762337582026711971e+04
6.989247311827957443e-01 2.765065634182897702e+04
7.014662756598240012e-01 2.767708022442898073e+04
7.040078201368523692e-01 2.770264768253701914e+04
7.065493646138807371e-01 2.772735901279465907e+04
7.090909090909091050e-01 2.775121459352235979e+04
7.116324535679374730e-01 2.777421488421562026e+04
7.141739980449658409e-01 2.779636042503092904e+04
7.167155425219940978e-01 2.781765183626124053e+04
7.192570869990224658e-01 2.783808981780061367e+04
7.217986314760508337e-01 2.785767514860035226e+04
7.243401759530792017e-01 2.787640868611389305e+04
7.268817204301075696e-01 2.789429136573307551e+04
7.294232649071358265e-01 2.791132420021488724e+04
7.319648093841641945e-01 2.792750827909880536e+04
7.345063538611925624e-01 2.794284476811572677e+04
7.370478983382209304e-01 2.795733490858764708e+04
7.395894428152492983e-01 2.797098001681926689e+04
7.421309872922776663e-01 2.798378148348114337e+04
7.446725317693059232e-01 2.799574077298487464e+04
7.472140762463342911e-01 2.800685942284988414e+04
7.497556207233626591e-01 2.801713904306336553e+04
7.522971652003910270e-01 2.802658131543233321e+04
7.548387096774193949e-01 2.803518799292808399e+04
7.573802541544476519e-01 2.804296089902437234e+04
7.599217986314760198e-01 2.804990192702806962e+04
7.624633431085043878e-01 2.805601303940343132e+04
7.650048875855327557e-01 2.806129626709006334e+04
7.675464320625611236e-01 2.806575370881472190e+04
7.700879765395894916e-01 2.806938753039636867e+04
7.726295210166177485e-01 2.807219996404642370e+04
7.751710654936461165e-01 2.807419330766263374e+04
7.777126099706744844e-01 2.807536992411808387e+04
7.802541544477028523e-01 2.807573224054436287e+04
7.827956989247312203e-01 2.807528274761041394e+04
7.853372434017594772e-01 2.807402399879565201e+04
7.878787878787878451e-01 2.807195860965997053e+04
7.904203323558162131e-01 2.806908925710741096e+04
7.929618768328445810e-01 2.806541867864671076e+04
7.955034213098729490e-01 2.806094967164857007e+04
7.980449657869013169e-01 2.805568509259671919e+04
8.005865102639295738e-01 2.804962785633824387e+04
8.031280547409579418e-01 2.804278093532784260e+04
8.056695992179863097e-01 2.803514735887051938e+04
8.082111436950146777e-01 2.802673021236091154e+04
8.107526881720430456e-01 2.801753263651874295e+04
8.132942326490713025e-01 2.800755782662270212e+04
8.158357771260996705e-01 2.799680903174156629e+04
8.183773216031280384e-01 2.798528955396256060e+04
8.209188660801564064e-01 2.797300274761744367e+04
8.234604105571847743e-01 2.795995201850776721e+04
8.260019550342131422e-01 2.794614082312686514e+04
8.285434995112413992e-01 2.793157266788120978e+04
8.310850439882697671e-01 2.791625110830991616e+04
8.336265884652981351e-01 2.790017974830295498e+04
8.361681329423265030e-01 2.788336223931832865e+04
8.387096774193548709e-01 2.786580227959865442e+04
8.412512218963832389e-01 2.784750361338611765e+04
8.437927663734114958e-01 2.782847003013792346e+04
8.463343108504398637e-01 2.780870536374023868e+04
8.488758553274682317e-01 2.778821349172265400e+04
8.514173998044965996e-01 2.776699833447213678e+04
8.539589442815249676e-01 2.774506385444731495e+04
8.565004887585532245e-01 2.772241405539219340e+04
8.590420332355815924e-01 2.769905298155163109e+04
8.615835777126099604e-01 2.767498471688609061e+04
8.641251221896383283e-01 2.765021338428683885e+04
8.666666666666666963e-01 2.762474314479387613e+04
8.692082111436950642e-01 2.759857819681248657e+04
8.717497556207233211e-01 2.757172277533216038e+04
8.742913000977516891e-01 2.754418115114676766e+04
8.768328445747800570e-01 2.751595763007555433e+04
8.793743890518084250e-01 2.748705655218607353e+04
8.819159335288367929e-01 2.745748229101878314e+04
8.844574780058650498e-01 2.742723925281345510e+04
8.869990224828934178e-01 2.739633187573657051e+04
8.895405669599217857e-01 2.736476462911285489e+04
8.920821114369501537e-01 2.733254201265651500e+04
8.946236559139785216e-01 2.729966855570699045e+04
8.971652003910068895e-01 2.726614881646571666e+04
8.997067448680351465e-01 2.723198738123542716e+04
9.022482893450635144e-01 2.719718886366379957e+04
9.047898338220918824e-01 2.716175790398755998e+04
9.073313782991202503e-01 2.712569916828112400e+04
9.098729227761486182e-01 2.708901734770810071e+04
9.124144672531768752e-01 2.705171715777483769e+04
9.149560117302052431e-01 2.701380333758884444e+04
9.174975562072336110e-01 2.697528064911911861e+04
9.200391006842619790e-01 2.693615387646116505e+04
9.225806451612903469e-01 2.689642782510412144e+04
9.251221896383187149e-01 2.685610732120342072e+04
9.276637341153469718e-01 2.681519721085526908e+04
9.302052785923753397e-01 2.677370235937648613e+04
9.327468230694037077e-01 2.673162765058785590e+04
9.352883675464320756e-01 2.668897798610066457e+04
9.378299120234604436e-01 2.664575828460898629e+04
9.403714565004888115e-01 2.660197348118515583e+04
9.429130009775170684e-01 2.655762852657889016e+04
9.454545454545454364e-01 2.651272838652299470e+04
9.479960899315738043e-01 2.646727804104142342e+04
9.505376344086021723e-01 2.642128248376265401e+04
9.530791788856305402e-01 2.637474672123831988e+04
9.556207233626587971e-01 2.632767577226514913e+04
9.581622678396871651e-01 2.628007466721352830e+04
9.607038123167155330e-01 2.623194844735926745e+04
9.632453567937439010e-01 2.618330216422100057e+04
9.657869012707722689e-01 2.613414087890271185e+04
9.683284457478006368e-01 2.608446966144151520e+04
9.708699902248288938e-01 2.603429359015933733e+04
9.734115347018572617e-01 2.598361775102155298e+04
9.759530791788856297e-01 2.593244723699966562e+04
9.784946236559139976e-01 2.588078714743932142e+04
9.810361681329423655e-01 2.582864258743452228e+04
9.835777126099706225e-01 2.577601866720647013e+04
9.861192570869989904e-01 2.572292050148812996e+04
9.886608015640273583e-01 2.566935320891414813e+04
9.912023460410557263e-01 2.561532191141702060e+04
9.937438905180840942e-01 2.556083173362791058e+04
9.962854349951124622e-01 2.550588780228372343e+04
9.988269794721407191e-01 2.545049524563997693e+04
1.001368523949169198e+00 2.539465919288860459e+04
1.003910068426197455e+00 2.533838477358288219e+04
1.006451612903225712e+00 2.528167711706674163e+04
1.008993157380254191e+00 2.522454135191114619e+04
1.011534701857282448e+00 2.516698260535528971e+04
1.014076246334310927e+00 2.510900600275486795e+04
1.016617790811339184e+00 2.505061666703500305e+04
1.019159335288367441e+00 2.499181971815041106e+04
1.021700879765395920e+00 2.493262027255061184e+04
1.024242424242424176e+00 2.487302344265165084e+04
1.026783968719452655e+00 2.481303433631378721e+04
1.029325513196480912e+00 2.475265805632534102e+04
1.031867057673509391e+00 2.469189969989207384e+04
1.034408602150537648e+00 2.463076435813393618e+04
1.036950146627565905e+00 2.456925711558635885e+04
1.039491691104594384e+00 2.450738304970886020e+04
1.042033235581622641e+00 2.444514723039936507e+04
1.044574780058651120e+00 2.438255471951486106e+04
1.047116324535679377e+00 2.431961057039785737e+04
1.049657869012707634e+00 2.425631982740969761e+04
1.052199413489736113e+00 2.419268752546941687e+04
1.054740957966764370e+00 2.412871868959905260e+04
1.057282502443792849e+00 2.406441833447542740e+04
1.059824046920821106e+00 2.399979146398762896e+04
1.062365591397849363e+00 2.393484307080126018e+04
1.064907135874877842e+00 2.386957813592844468e+04
1.067448680351906098e+00 2.380400162830411500e+04
1.069990224828934577e+00 2.373811850436901659e+04
1.072531769305962834e+00 2.367193370765836880e+04
1.075073313782991091e+00 2.360545216839655768e+04
1.077614858260019570e+00 2.353867880309895190e+04
1.080156402737047827e+00 2.347161851417900834e+04
1.082697947214076306e+00 2.340427618956174410e+04
1.085239491691104563e+00 2.333665670230401884e+04
1.087781036168133042e+00 2.326876491022007031e+04
1.090322580645161299e+00 2.320060565551377658e+04
1.092864125122189556e+00 2.313218376441697546e+04
1.095405669599218035e+00 2.306350404683358647e+04
1.097947214076246292e+00 2.299457129599043401e+04
1.100488758553274771e+00 2.292539028809372030e+04
1.103030303030303028e+00 2.285596578199143551e+04
1.105571847507331285e+00 2.278630251884273457e+04
1.108113391984359763e+00 2.271640522179182517e+04
1.110654936461388020e+00 2.264627859564947357e+04
1.113196480938416499e+00 2.257592732657945817e+04
1.115738025415444756e+00 2.250535608179142946e+04
1.118279569892473013e+00 2.243456950923946351e+04
1.120821114369501492e+00 2.236357223732700731e+04
1.123362658846529749e+00 2.229236887461725928e+04
1.125904203323558228e+00 2.222096400954933779e+04
1.128445747800586485e+00 2.214936221016128184e+04
1.130987292277614964e+00 2.207756802381725720e+04
1.133528836754643221e+00 2.200558597694215132e+04
1.136070381231671478e+00 2.193342057476094124e+04
1.138611925708699957e+00 2.186107630104409691e+04
1.141153470185728214e+00 2.178855761785876894e+04
1.143695014662756693e+00 2.171586896532573883e+04
1.146236559139784950e+00 2.164301476138130965e+04
1.148778103616813207e+00 2.156999940154607248e+04
1.151319648093841685e+00 2.149682725869792557e+04
1.153861192570869942e+00 2.142350268285156926e+04
1.156402737047898421e+00 2.135003000094307936e+04
1.158944281524926678e+00 2.127641351662014495e+04
1.161485826001954935e+00 2.120265751003733021e+04
1.164027370478983414e+00 2.112876623765757176e+04
1.166568914956011671e+00 2.105474393205799788e+04
1.169110459433040150e+00 2.098059480174206328e+04
1.171652003910068407e+00 2.090632303095612588e+04
1.174193548387096664e+00 2.083193277951187338e+04
1.176735092864125143e+00 2.075742818261371940e+04
1.179276637341153400e+00 2.068281335069134002e+04
1.181818181818181879e+00 2.060809236923740536e+04
1.184359726295210136e+00 2.053326929865045531e+04
1.186901270772238615e+00 2.045834817408263916e+04
1.189442815249266872e+00 2.038333300529266853e+04
1.191984359726295128e+00 2.030822777650356875e+04
1.194525904203323607e+00 2.023303644626557070e+04
1.197067448680351864e+00 2.015776294732349197e+04
1.199608993157380343e+00 2.008241118648961492e+04
1.202150537634408600e+00 2.000698504452051930e+04
1.204692082111436857e+00 1.993148837599940452e+04
1.207233626588465336e+00 1.985592500922255567e+04
1.209775171065493593e+00 1.978029874609110266e+04
1.212316715542522072e+00 1.970461336200647565e+04
1.214858260019550329e+00 1.962887260577174675e+04
1.217399804496578586e+00 1.955308019949588561e+04
1.219941348973607065e+00 1.947723983850402510e+04
1.222482893450635322e+00 1.940135519125113933e+04
1.225024437927663801e+00 1.932542989924074209e+04
1.227565982404692058e+00 1.924946757694731059e+04
1.230107526881720537e+00 1.917347181174360958e+04
1.232649071358748794e+00 1.909744616383203174e+04
1.235190615835777050e+00 1.902139416618000178e+04
1.237732160312805529e+00 1.894531932445992788e+04
1.240273704789833786e+00 1.886922511699268216e+04
1.242815249266862265e+00 1.879311499469574483e+04
1.245356793743890522e+00 1.871699238103518292e+04
1.247898338220918779e+00 1.864086067198125602e+04
1.250439882697947258e+00 1.856472323596862043e+04
1.252981427174975515e+00 1.848858341385959284e+04
1.255522971652003994e+00 1.841244451891226345e+04
1.258064516129032251e+00 1.833630983675134485e+04
1.260606060606060508e+00 1.826018262534351743e+04
1.263147605083088987e+00 1.818406611497613267e+04
1.265689149560117244e+00 1.810796350823965258e+04
1.268230694037145723e+00 1.803187798001375268e+04
1.270772238514173980e+00 1.795581267745682271e+04
1.273313782991202237e+00 1.787977071999912732e+04
1.275855327468230715e+00 1.780375519933941177e+04
1.278396871945258972e+00 1.772776917944468369e+04
1.280938416422287451e+00 1.765181569655386920e+04
1.283479960899315708e+00 1.757589775918424857e+04
1.286021505376344187e+00 1.750001834814152971e+04
1.288563049853372444e+00 1.742418041653287219e+04
1.291104594330400701e+00 1.734838688978364735e+04
1.293646138807429180e+00 1.727264066565637404e+04
1.296187683284457437e+00 1.719694461427368515e+04
1.298729227761485916e+00 1.712130157814394624e+04
1.301270772238514173e+00 1.704571437218973369e+04
1.303812316715542430e+00 1.697018578377959057e+04
1.306353861192570909e+00 1.689471857276243463e+04
1.308895405669599166e+00 1.681931547150496408e+04
1.311436950146627645e+00 1.674397918493167890e+04
1.313978494623655902e+00 1.666871239056812192e+04
1.316520039100684158e+00 1.659351773858633896e+04
1.319061583577712637e+00 1.651839785185337678e+04
1.321603128054740894e+00 1.644335532598198552e+04
1.324144672531769373e+00 1.636839272938469367e+04
1.326686217008797630e+00 1.629351260332964921e+04
1.329227761485826109e+00 1.621871746199906920e+04
1.331769305962854366e+00 1.614400979255096536e+04
1.334310850439882623e+00 1.606939205518208291e+04
1.336852394916911102e+00 1.599486668319396995e+04
1.339393939393939359e+00 1.592043608306148417e+04
1.341935483870967838e+00 1.584610263450293314e+04
1.344477028347996095e+00 1.577186869055318311e+04
1.347018572825024352e+00 1.569773657763836127e+04
1.349560117302052831e+00 1.562370859565310639e+04
1.352101661779081088e+00 1.554978701803997501e+04
1.354643206256109567e+00 1.547597409187059202e+04
1.357184750733137824e+00 1.540227203792899854e+04
1.359726295210166080e+00 1.532868305079728634e+04
1.362267839687194559e+00 1.525520929894267465e+04
1.364809384164222816e+00 1.518185292480688440e+04
1.367350928641251295e+00 1.510861604489725869e+04
1.369892473118279552e+00 1.503550074987986045e+04
1.372434017595307809e+00 1.496250910467369431e+04
1.374975562072336288e+00 1.488964314854800796e+04
1.377517106549364545e+00 1.481690489521988275e+04
1.380058651026393024e+00 1.474429633295446911e+04
1.382600195503421281e+00 1.467181942466665532e+04
1.385141739980449760e+00 1.459947610802384406e+04
1.387683284457478017e+00 1.452726829555085533e+04
1.390224828934506274e+00 1.445519787473643191e+04
1.392766373411534753e+00 1.438326670814044337e+04
1.395307917888563010e+00 1.431147663350372932e+04
1.397849462365591489e+00 1.423982946385828109e+04
1.400391006842619745e+00 1.416832698763921690e+04
1.402932551319648002e+00 1.409697096879846140e+04
1.405474095796676481e+00 1.402576314691914195e+04
1.408015640273704738e+00 1.395470523733147456e+04
1.410557184750733217e+00 1.388379893123018883e+04
1.413098729227761474e+00 1.381304589579274761e+04
1.415640273704789731e+00 1.374244777429885471e+04
1.418181818181818210e+00 1.367200618625128300e+04
1.420723362658846467e+00 1.360172272749743024e+04
1.423264907135874946e+00 1.353159897035241920e+04
1.425806451612903203e+00 1.346163646372299809e+04
1.428347996089931682e+00 1.339183673323226321e+04
1.430889540566959939e+00 1.332220128134569495e+04
1.433431085043988196e+00 1.325273158749785034e+04
1.435972629521016675e+00 1.318342910822015983e+04
1.438514173998044932e+00 1.311429527726977722e+04
1.441055718475073411e+00 1.304533150575850777e+04
1.443597262952101667e+00 1.297653918228363545e+04
1.446138807429129924e+00 1.290791967305858634e+04
1.448680351906158403e+00 1.283947432204502184e+04
1.451221896383186660e+00 1.277120445108528293e+04
1.453763440860215139e+00 1.270311136003555293e+04
1.456304985337243396e+00 1.263519632690007711e+04
1.458846529814271653e+00 1.256746060796543861e+04
1.461388074291300132e+00 1.249990543793566940e+04
1.463929618768328389e+00 1.243253203006843614e+04
1.466471163245356868e+00 1.236534157631099879e+04
1.469012707722385125e+00 1.229833524743736780e+04
1.471554252199413382e+00 1.223151419318520493e+04
1.474095796676441861e+00 1.216487954239427199e+04
1.476637341153470118e+00 1.209843240314424293e+04
1.479178885630498597e+00 1.203217386289357091e+04
1.481720430107526854e+00 1.196610498861891574e+04
1.484261974584555333e+00 1.190022682695420735e+04
1.486803519061583589e+00 1.183454040433082628e+04
1.489345063538611846e+00 1.176904672711754210e+04
1.491886608015640325e+00 1.170374678176124507e+04
1.494428152492668582e+00 1.163864153492757214e+04
1.496969696969697061e+00 1.157373193364204235e+04
1.499511241446725318e+00 1.150901890543132322e+04
1.502052785923753575e+00 1.144450335846452435e+04
1.504594330400782054e+00 1.138018618169518231e+04
1.507135874877810311e+00 1.131606824500273615e+04
1.509677419354838790e+00 1.125215039933482876e+04
1.512218963831867047e+00 1.118843347684941364e+04
1.514760508308895304e+00 1.112491829105673241e+04
1.517302052785923783e+00 1.106160563696167264e+04
1.519843597262952040e+00 1.099849629120641293e+04
1.522385141739980519e+00 1.093559101221234778e+04
1.524926686217008776e+00 1.087289054032297645e+04
1.527468230694037254e+00 1.081039559794611159e+04
1.530009775171065511e+00 1.074810688969636067e+04
1.532551319648093768e+00 1.068602510253735272e+04
1.535092864125122247e+00 1.062415090592430352e+04
1.537634408602150504e+00 1.056248495194613497e+04
1.540175953079178983e+00 1.050102787546759646e+04
1.542717497556207240e+00 1.043978029427157344e+04
1.545259042033235497e+00 1.037874280920083947e+04
1.547800586510263976e+00 1.031791600429969731e+04
1.550342130987292233e+00 1.025730044695599099e+04
1.552883675464320712e+00 1.019689668804240864e+04
1.555425219941348969e+00 1.013670526205769602e+04
1.557966764418377226e+00 1.007672668726775555e+04
1.560508308895405705e+00 1.001696146584669441e+04
1.563049853372433962e+00 9.957410084017148620e+03
1.565591397849462441e+00 9.898073012190825466e+03
1.568132942326490697e+00 9.838950705108649345e+03
1.570674486803518954e+00 9.780043601980465610e+03
1.573216031280547433e+00 9.721352126624689845e+03
1.575757575757575690e+00 9.662876687607396889e+03
1.578299120234604169e+00 9.604617678381369842e+03
1.580840664711632426e+00 9.546575477424534256e+03
1.583382209188660905e+00 9.488750448378303190e+03
1.585923753665689162e+00 9.431142940185425687e+03
1.588465298142717419e+00 9.373753287227364126e+03
1.591006842619745898e+00 9.316581809461471494e+03
1.593548387096774155e+00 9.259628812557748461e+03
1.596089931573802634e+00 9.202894588035065681e+03
1.598631476050830891e+00 9.146379413397144162e+03
1.601173020527859148e+00 9.090083552267926279e+03
1.603714565004887627e+00 9.034007254526624820e+03
1.606256109481915884e+00 8.978150756442191778e+03
1.608797653958944363e+00 8.922514280807543400e+03
1.611339198435972619e+00 8.867098037073219530e+03
1.613880742913000876e+00 8.811902221480328080e+03
1.616422287390029355e+00 8.756927017193382198e+03
1.618963831867057612e+00 8.702172594432264304e+03
1.621505376344086091e+00 8.647639110604159214e+03
1.624046920821114348e+00 8.593326710434348570e+03
1.626588465298142605e+00 8.539235526097019829e+03
1.629130009775171084e+00 8.485365677345209406e+03
1.631671554252199341e+00 8.431717271640422041e+03
1.634213098729227820e+00 8.378290404281420706e+03
1.636754643206256077e+00 8.325085158532789137e+03
1.639296187683284556e+00 8.272101605752601245e+03
1.641837732160312813e+00 8.219339805519924994e+03
1.644379276637341070e+00 8.166799805761134849e+03
1.646920821114369549e+00 8.114481642876323349e+03
1.649462365591397806e+00 8.062385341864572183e+03
1.652003910068426284e+00 8.010510916448893113e+03
1.654545454545454541e+00 7.958858369200522247e+03
1.657086999022482798e+00 7.907427691662514007e+03
1.659628543499511277e+00 7.856218864472902169e+03
1.662170087976539534e+00 7.805231857486886838e+03
1.664711632453568013e+00 7.754466629898804968e+03
1.667253176930596270e+00 7.703923130363119526e+03
1.669794721407624527e+00 7.653601297115044872e+03
1.672336265884653006e+00 7.603501058090263541e+03
1.674877810361681263e+00 7.553622331044161911e+03
1.677419354838709742e+00 7.503965023670387382e+03
1.679960899315737999e+00 7.454529033718562459e+03
1.682502443792766478e+00 7.405314249111711433e+03
1.685043988269794735e+00 7.356320548062638409e+03
1.687585532746822992e+00 7.307547799189802390e+03
1.690127077223851471e+00 7.258995861632518427e+03
1.692668621700879727e+00 7.210664585165370227e+03
1.695210166177908206e+00 7.162553810312137102e+03
1.697751710654936463e+00 7.114663368458801415e+03
1.700293255131964720e+00 7.066993081966003047e+03
1.702834799608993199e+00 7.019542764280792653e+03
1.705376344086021456e+00 6.972312220047702795e+03
1.707917888563049935e+00 6.925301245218868644e+03
1.710459433040078192e+00 6.878509627163923142e+03
1.713000977517106449e+00 6.831937144778738002e+03
1.715542521994134928e+00 6.785583568593724522e+03
1.718084066471163185e+00 6.739448660881294927e+03
1.720625610948191664e+00 6.693532175762658881e+03
1.723167155425219921e+00 6.647833859313896937e+03
1.725708699902248178e+00 6.602353449671290036e+03
1.728250244379276657e+00 6.557090677136055092e+03
1.730791788856304914e+00 6.512045264278277500e+03
1.733333333333333393e+00 6.467216926039925966e+03
1.735874877810361649e+00 6.422605369837569924e+03
1.738416422287390128e+00 6.378210295664055593e+03
1.740957966764418385e+00 6.334031396189478073e+03
1.743499511241446642e+00 6.290068356861681423e+03
1.746041055718475121e+00 6.246320856005596397e+03
1.748582600195503378e+00 6.202788564922474507e+03
1.751124144672531857e+00 6.159471147987625955e+03
1.753665689149560114e+00 6.116368262748152119e+03
1.756207233626588371e+00 6.073479560019529345e+03
1.758748778103616850e+00 6.030804683981578819e+03
1.761290322580645107e+00 5.988343272273774346e+03
1.763831867057673586e+00 5.946094956089714287e+03
1.766373411534701843e+00 5.904059360270922298e+03
1.768914956011730100e+00 5.862236103399903186e+03
1.771456500488758579e+00 5.820624797892597599e+03
1.773998044965786836e+00 5.779225050089953584e+03
1.776539589442815315e+00 5.738036460348797846e+03
1.779081133919843571e+00 5.697058623132074899e+03
1.781622678396872050e+00 5.656291127098264951e+03
1.784164222873900307e+00 5.615733555190250627e+03
1.786705767350928564e+00 5.575385484723146874e+03
1.789247311827957043e+00 5.535246487471842556e+03
1.791788856304985300e+00 5.495316129757378803e+03
1.794330400782013779e+00 5.455593972533032684e+03
1.796871945259042036e+00 5.416079571469249458e+03
1.799413489736070293e+00 5.376772477038399302e+03
1.801955034213098772e+00 5.337672234598200703e+03
1.804496578690127029e+00 5.298778384475055645e+03
1.807038123167155508e+00 5.260090462046106040e+03
1.809579667644183765e+00 5.221607997821111894e+03
1.812121212121212022e+00 5.183330517523131675e+03
1.814662756598240501e+00 5.145257542168954387e+03
1.817204301075268758e+00 5.107388588148491181e+03
1.819745845552297236e+00 5.069723167303643095e+03
1.822287390029325493e+00 5.032260787006387545e+03
1.824828934506353750e+00 4.995000950236334575e+03
1.827370478983382229e+00 4.957943155657226271e+03
1.829912023460410486e+00 4.921086897693326137e+03
1.832453567937438965e+00 4.884431666604493330e+03
1.834995112414467222e+00 4.847976948561097743e+03
1.837536656891495701e+00 4.811722225717785477e+03
1.840078201368523958e+00 4.775666976286986937e+03
1.842619745845552215e+00 4.739810674611598188e+03
1.845161290322580694e+00 4.704152791236753728e+03
1.847702834799608951e+00 4.668692792981389175e+03
1.850244379276637430e+00 4.633430143008660707e+03
1.852785923753665687e+00 4.598364300896041641e+03
1.855327468230693944e+00 4.563494722704606829e+03
1.857869012707722423e+00 4.528820861047679500e+03
1.860410557184750679e+00 4.494342165158883290e+03
1.862952101661779158e+00 4.460058080959423933e+03
1.865493646138807415e+00 4.425968051124790691e+03
1.868035190615835672e+00 4.392071515150813866e+03
1.870576735092864151e+00 4.358367909419087482e+03
1.873118279569892408e+00 4.324856667261740768e+03
1.875659824046920887e+00 4.291537219025548438e+03
1.878201368523949144e+00 4.258408992135437984e+03
1.880742913000977623e+00 4.225471411157292096e+03
1.883284457478005880e+00 4.192723897860259058e+03
1.885826001955034137e+00 4.160165871278352824e+03
1.888367546432062616e+00 4.127796747771395530e+03
1.890909090909090873e+00 4.095615941085498889e+03
1.893450635386119352e+00 4.063622862412672021e+03
1.895992179863147609e+00 4.031816920450085490e+03
1.898533724340175866e+00 4.000197521458570009e+03
1.901075268817204345e+00 3.968764069320577619e+03
1.903616813294232601e+00 3.937515965597498962e+03
1.906158357771261080e+00 3.906452609586459857e+03
1.908699902248289337e+00 3.875573398376344358e+03
1.911241446725317594e+00 3.844877726903526309e+03
1.913782991202346073e+00 3.814364988006743715e+03
1.916324535679374330e+00 3.784034572481506530e+03
1.918866080156402809e+00 3.753885869133925098e+03
1.921407624633431066e+00 3.723918264833985177e+03
1.923949169110459323e+00 3.694131144568157652e+03
1.926490713587487802e+00 3.664523891491557606e+03
1.929032258064516059e+00 3.635095886979457646e+03
1.931573802541544538e+00 3.605846510678304639e+03
1.934115347018572795e+00 3.576775140556157112e+03
1.936656891495601274e+00 3.547881152952492812e+03
1.939198435972629531e+00 3.519163922627624288e+03
1.941739980449657788e+00 3.490622822811416881e+03
1.944281524926686266e+00 3.462257225251578348e+03
1.946823069403714523e+00 3.434066500261416877e+03
1.949364613880743002e+00 3.406050016766900171e+03
1.951906158357771259e+00 3.378207142353380732e+03
1.954447702834799516e+00 3.350537243311737257e+03
1.956989247311827995e+00 3.323039684683934865e+03
1.959530791788856252e+00 3.295713830308162869e+03
1.962072336265884731e+00 3.268559042863365903e+03
1.964613880742912988e+00 3.241574683913313947e+03
1.967155425219941245e+00 3.214760113950250343e+03
1.969696969696969724e+00 3.188114692437781741e+03
1.972238514173997981e+00 3.161637777853623902e+03
1.974780058651026460e+00 3.135328727731529398e+03
1.977321603128054717e+00 3.109186898703009319e+03
1.979863147605083196e+00 3.083211646538318746e+03
1.982404692082111453e+00 3.057402326187092513e+03
1.984946236559139709e+00 3.031758291818513044e+03
1.987487781036168188e+00 3.006278896860928398e+03
1.990029325513196445e+00 2.980963494041154263e+03
1.992570869990224924e+00 2.955811435423022431e+03
1.995112414467253181e+00 2.930822072445844697e+03
1.997653958944281438e+00 2.905994755962044110e+03
2.000195503421309695e+00 2.881328836274641617e+03
2.002737047898338396e+00 2.856823663174057856e+03
2.005278592375366653e+00 2.832478585974712132e+03
2.007820136852394910e+00 2.808292953550834227e+03
2.010361681329423167e+00 2.784266114372254378e+03
2.012903225806451424e+00 2.760397416539345613e+03
2.015444770283480125e+00 2.736686207817905142e+03
2.017986314760508382e+00 2.713131835673368187e+03
2.020527859237536639e+00 2.689733647304615261e+03
2.023069403714564896e+00 2.666490989677486141e+03
2.025610948191593153e+00 2.643403209557834089e+03
2.028152492668621854e+00 2.620469653543994809e+03
2.030694037145650110e+00 2.597689668099166738e+03
2.033235581622678367e+00 2.575062599583116025e+03
2.035777126099706624e+00 2.552587794283594121e+03
2.038318670576734881e+00 2.530264598447342905e+03
2.040860215053763582e+00 2.508092358310728287e+03
2.043401759530791839e+00 2.486070420129922240e+03
2.045943304007820096e+00 2.464198130210783347e+03
2.048484848484848353e+00 2.442474834938335789e+03
2.051026392961876610e+00 2.420899880805733119e+03
2.053567937438905311e+00 2.399472614443116981e+03
2.056109481915933568e+00 2.378192382645841008e+03
2.058651026392961825e+00 2.357058532402474611e+03
2.061192570869990082e+00 2.336070410922435713e+03
2.063734115347018783e+00 2.315227365663161436e+03
2.066275659824047040e+00 2.294528744357116466e+03
2.068817204301075297e+00 2.273973895038186129e+03
2.071358748778103553e+00 2.253562166067988528e+03
2.073900293255131810e+00 2.233292906161646442e+03
2.076441837732160511e+00 2.213165464413333666e+03
2.078983382209188768e+00 2.193179190321378883e+03
2.081524926686217025e+00 2.173333433813189458e+03
2.084066471163245282e+00 2.153627545269653638e+03
2.086608015640273539e+00 2.134060875549353568e+03
2.089149560117302240e+00 2.114632776012429986e+03
2.091691104594330497e+00 2.095342598544081739e+03
2.094232649071358754e+00 2.076189695577807015e+03
2.096774193548387011e+00 2.057173420118246668e+03
2.099315738025415268e+00 2.038293125763795160e+03
2.101857282502443969e+00 2.019548166728933211e+03
2.104398826979472226e+00 2.000937897866076128e+03
2.106940371456500483e+00 1.982461674687393497e+03
2.109481915933528740e+00 1.964118853386086130e+03
2.112023460410556996e+00 1.945908790857520671e+03
2.114565004887585697e+00 1.927830844719947208e+03
2.117106549364613954e+00 1.909884373335159125e+03
2.119648093841642211e+00 1.892068735828519948e+03
2.122189638318670468e+00 1.874383292109087733e+03
2.124731182795698725e+00 1.856827402889115319e+03
2.127272727272727426e+00 1.839400429703574446e+03
2.129814271749755683e+00 1.822101734929196255e+03
2.132355816226783940e+00 1.804930681803333300e+03
2.134897360703812197e+00 1.787886634442579634e+03
2.137438905180840454e+00 1.770968957861037779e+03
2.139980449657869155e+00 1.754177017988417674e+03
2.142521994134897412e+00 1.737510181687877321e+03
2.145063538611925669e+00 1.720967816773454615e+03
2.147605083088953926e+00 1.704549292027545562e+03
2.150146627565982183e+00 1.688253977217810871e+03
2.152688172043010884e+00 1.672081243114081644e+03
2.155229716520039140e+00 1.656030461504883760e+03
2.157771260997067397e+00 1.640101005213816507e+03
2.160312805474095654e+00 1.624292248115590837e+03
2.162854349951124355e+00 1.608603565151924386e+03
2.165395894428152612e+00 1.593034332347250938e+03
2.167937438905180869e+00 1.577583926823991533e+03
2.170478983382209126e+00 1.562251726817835333e+03
2.173020527859237383e+00 1.547037111692663757e+03
2.175562072336266084e+00 1.531939461955332945e+03
2.178103616813294341e+00 1.516958159270181795e+03
2.180645161290322598e+00 1.502092586473328765e+03
2.183186705767350855e+00 1.487342127586797687e+03
2.185728250244379112e+00 1.472706167832433721e+03
2.188269794721407813e+00 1.458184093645529856e+03
2.190811339198436070e+00 1.443775292688397258e+03
2.193352883675464327e+00 1.429479153863590454e+03
2.195894428152492583e+00 1.415295067327049537e+03
2.198435972629520840e+00 1.401222424500947227e+03
2.200977517106549541e+00 1.387260618086406339e+03
2.203519061583577798e+00 1.373409042076025344e+03
2.206060606060606055e+00 1.359667091766183830e+03
2.208602150537634312e+00 1.346034163769219504e+03
2.211143695014662569e+00 1.332509656025318691e+03
2.213685239491691270e+00 1.319092967814335225e+03
2.216226783968719527e+00 1.305783499767384683e+03
2.218768328445747784e+00 1.292580653878244675e+03
2.221309872922776041e+00 1.279483833514623484e+03
2.223851417399804298e+00 1.266492443429183595e+03
2.226392961876832999e+00 1.253605889770540671e+03
2.228934506353861256e+00 1.240823580093893042e+03
2.231476050830889513e+00 1.228144923371659843e+03
2.234017595307917770e+00 1.215569330003885170e+03
2.236559139784946026e+00 1.203096211828452169e+03
2.239100684261974727e+00 1.190724982131193201e+03
2.241642228739002984e+00 1.178455055655846763e+03
2.244183773216031241e+00 1.166285848613788403e+03
2.246725317693059498e+00 1.154216778693699325e+03
2.249266862170087755e+00 1.142247265070994217e+03
2.251808406647116456e+00 1.130376728417193817e+03
2.254349951124144713e+00 1.118604590909086255e+03
2.256891495601172970e+00 1.106930276237761746e+03
2.259433040078201227e+00 1.095353209617489256e+03
2.261974584555229928e+00 1.083872817794500634e+03
2.264516129032258185e+00 1.072488529055581921e+03
2.267057673509286442e+00 1.061199773236552346e+03
2.269599217986314699e+00 1.050005981730596659e+03
2.272140762463342956e+00 1.038906587496493103e+03
2.274682306940371657e+00 1.027901025066664715e+03
2.277223851417399914e+00 1.016988730555133543e+03
2.279765395894428170e+00 1.006169141665344227e+03
2.282306940371456427e+00 9.954416976978295679e+02
2.284848484848484684e+00 9.848058395578123054e+02
2.287390029325513385e+00 9.742610097626028391e+02
2.289931573802541642e+00 9.638066524489593121e+02
2.292473118279569899e+00 9.534422133802423787e+02
2.295014662756598156e+00 9.431671399535445062e+02
2.297556207233626413e+00 9.329808812066173687e+02
2.300097751710655114e+00 9.228828878247270495e+02
2.302639296187683371e+00 9.128726121474041975e+02
2.305180840664711628e+00 9.029495081750360441e+02
2.307722385141739885e+00 8.931130315754045341e+02
2.310263929618768142e+00 8.833626396900734790e+02
2.312805474095796843e+00 8.736977915406769171e+02
2.315347018572825100e+00 8.641179478351242551e+02
2.317888563049853357e+00 8.546225709736460203e+02
2.320430107526881613e+00 8.452111250547944792e+02
2.322971652003909870e+00 8.358830758813163584e+02
2.325513196480938571e+00 8.266378909659130159e+02
2.328054740957966828e+00 8.174750395369273974e+02
2.330596285434995085e+00 8.083939925438853606e+02
2.333137829912023342e+00 7.993942226629981178e+02
2.335679374389051599e+00 7.904752043025411012e+02
2.338220918866080300e+00 7.816364136080968592e+02
2.340762463343108557e+00 7.728773284678078426e+02
2.343304007820136814e+00 7.641974285174067063e+02
2.345845552297165071e+00 7.555961951452557059e+02
2.348387096774193328e+00 7.470731114972548994e+02
2.350928641251222029e+00 7.386276624816365484e+02
2.353470185728250286e+00 7.302593347737523573e+02
2.356011730205278543e+00 7.219676168206526654e+02
2.358553274682306800e+00 7.137519988457163436e+02
2.361094819159335501e+00 7.056119728530417206e+02
2.363636363636363757e+00 6.975470326319189098e+02
2.366177908113392014e+00 6.895566737610785140e+02
2.368719452590420271e+00 6.816403936129175918e+02
2.371260997067448528e+00 6.737976913576740117e+02
2.373802541544477229e+00 6.660280679674549447e+02
2.376344086021505486e+00 6.583310262202164722e+02
2.378885630498533743e+00 6.507060707036768008e+02
2.381427174975562000e+00 6.431527078191269311e+02
2.383968719452590257e+00 6.356704457851755024e+02
2.386510263929618958e+00 6.282587946414206499e+02
2.389051808406647215e+00 6.209172662520438735e+02
2.391593352883675472e+00 6.136453743092914692e+02
2.394134897360703729e+00 6.064426343369698316e+02
2.396676441837731986e+00 5.993085636937696563e+02
2.399217986314760687e+00 5.922426815765744550e+02
2.401759530791788944e+00 5.852445090236885790e+02
2.404301075268817200e+00 5.783135689179681549e+02
2.406842619745845457e+00 5.714493859899120025e+02
2.409384164222873714e+00 5.646514868206804749e+02
2.411925708699902415e+00 5.579193998449964056e+02
2.414467253176930672e+00 5.512526553540679970e+02
2.417008797653958929e+00 5.446507854983381094e+02
2.419550342130987186e+00 5.381133242902457141e+02
2.422091886608015443e+00 5.316398076068830960e+02
2.424633431085044144e+00 5.252297731925852986e+02
2.427174975562072401e+00 5.188827606614829620e+02
2.429716520039100658e+00 5.125983114999481813e+02
2.432258064516128915e+00 5.063759690689938679e+02
2.434799608993157172e+00 5.002152786066222916e+02
2.437341153470185873e+00 4.941157872300839813e+02
2.439882697947214130e+00 4.880770439380940502e+02
2.442424242424242387e+00 4.820985996129598448e+02
2.444965786901270643e+00 4.761800070226796606e+02
2.447507331378298900e+00 4.703208208229446541e+02
2.450048875855327601e+00 4.645205975590938579e+02
2.452590420332355858e+00 4.587788956680190608e+02
2.455131964809384115e+00 4.530952754799745890e+02
2.457673509286412372e+00 4.474692992203677591e+02
2.460215053763441073e+00 4.419005310114552572e+02
2.462756598240469330e+00 4.363885368739948944e+02
2.465298142717497587e+00 4.309328847288198858e+02
2.467839687194525844e+00 4.255331443983909594e+02
2.470381231671554101e+00 4.201888876082383604e+02
2.472922776148582802e+00 4.148996879883887345e+02
2.475464320625611059e+00 4.096651210746953211e+02
2.478005865102639316e+00 4.044847643101414860e+02
2.480547409579667573e+00 3.993581970460652428e+02
2.483088954056695830e+00 3.942850005433310230e+02
2.485630498533724531e+00 3.892647579734448868e+02
2.488172043010752787e+00 3.842970544196173250e+02
2.490713587487781044e+00 3.793814768777403401e+02
2.493255131964809301e+00 3.745176142573461675e+02
2.495796676441837558e+00 3.697050573824755020e+02
2.498338220918866259e+00 3.649433989925192350e+02
2.500879765395894516e+00 3.602322337429730510e+02
2.503421309872922773e+00 3.555711582061424565e+02
2.505962854349951030e+00 3.509597708718081321e+02
2.508504398826979287e+00 3.463976721478197760e+02
2.511045943304007988e+00 3.418844643606256000e+02
2.513587487781036245e+00 3.374197517557692549e+02
2.516129032258064502e+00 3.330031404983055836e+02
2.518670576735092759e+00 3.286342386731699321e+02
2.521212121212121016e+00 3.243126562855000543e+02
2.523753665689149717e+00 3.200380052608821302e+02
2.526295210166177974e+00 3.158098994455637012e+02
2.528836754643206230e+00 3.116279546065764521e+02
2.531378299120234487e+00 3.074917884318541041e+02
2.533919843597262744e+00 3.034010205302347458e+02
2.536461388074291445e+00 2.993552724314549209e+02
2.539002932551319702e+00 2.953541675860675468e+02
2.541544477028347959e+00 2.913973313653002037e+02
2.544086021505376216e+00 2.874843910608588544e+02
2.546627565982404473e+00 2.836149758846930240e+02
2.549169110459433174e+00 2.797887169686807738e+02
2.551710654936461431e+00 2.760052473642685413e+02
2.554252199413489688e+00 2.722642020420597078e+02
2.556793743890517945e+00 2.685652178913372836e+02
2.559335288367546646e+00 2.649079337195408357e+02
2.561876832844574903e+00 2.612919902516749175e+02
2.564418377321603160e+00 2.577170301296712296e+02
2.566959921798631417e+00 2.541826979116960388e+02
2.569501466275659673e+00 2.506886400713897842e+02
2.572043010752688375e+00 2.472345049970667787e+02
2.574584555229716631e+00 2.438199429908394791e+02
2.577126099706744888e+00 2.404446062677082523e+02
2.579667644183773145e+00 2.371081489545755687e+02
2.582209188660801402e+00 2.338102270892116223e+02
2.584750733137830103e+00 2.305504986191695878e+02
2.587292277614858360e+00 2.273286234006380937e+02
2.589833822091886617e+00 2.241442631972289803e+02
2.592375366568914874e+00 2.209970816787318597e+02
2.594916911045943131e+00 2.178867444197850887e+02
2.597458455522971832e+00 2.148129188985093663e+02
2.600000000000000089e+00 2.117752744950749673e+02
