1.000000000000000082e-05 1.849147318687510051e+02
1.015880489938017732e-05 1.877329164698231523e+02
1.032013169836706859e-05 1.905940514857457515e+02
1.048402044596200439e-05 1.934987915003718513e+02
1.065051182716407595e-05 1.964478010737111617e+02
1.081964717307009245e-05 1.994417548939691187e+02
1.099146847113493511e-05 2.024813379319061255e+02
1.116601837559483118e-05 2.055672455975495723e+02
1.134334021805618569e-05 2.087001838992908915e+02
1.152347801825253902e-05 2.118808696054106520e+02
1.170647649497236601e-05 2.151100304080635510e+02
1.189238107716041504e-05 2.183884050897652287e+02
1.208123791519533347e-05 2.217167436924111428e+02
1.227309389234638961e-05 2.250958076888765049e+02
1.246799663641214418e-05 2.285263701572305592e+02
1.266599453154392571e-05 2.320092159576027200e+02
1.286713673025709489e-05 2.355451419117480611e+02
1.307147316563304032e-05 2.391349569853470882e+02
1.327905456371494502e-05 2.427794824730864605e+02
1.348993245610040835e-05 2.464795521865560772e+02
1.370415919273404913e-05 2.502360126450133464e+02
1.392178795490325432e-05 2.540497232690561020e+02
1.414287276844031064e-05 2.579215565772409491e+02
1.436746851713419216e-05 2.618523983857046460e+02
1.459563095635532749e-05 2.658431554951216071e+02
1.482741672689674829e-05 2.698946327802891005e+02
1.506288336903502602e-05 2.740078515946569269e+02
1.530208933681452029e-05 2.781837529487048073e+02
1.554509401255845086e-05 2.824232919136489954e+02
1.579195772161042701e-05 2.867274381776380778e+02
1.604274174731006115e-05 2.910971761860056972e+02
1.629750834620643444e-05 2.955335053853156069e+02
1.655632076351312433e-05 3.000374404475321626e+02
1.681924324880868863e-05 3.046100115027622905e+02
1.708634107198646877e-05 3.092522643746299309e+02
1.735768053945768629e-05 3.139652608192000685e+02
1.763332901061187140e-05 3.187500787677662402e+02
1.791335491453864860e-05 3.236078125728961936e+02
1.819782776701511795e-05 3.285395732598641416e+02
1.848681818776297910e-05 3.335464887356098984e+02
1.878039791797971448e-05 3.386297039634400790e+02
1.907863983814815840e-05 3.437903813133227118e+02
1.938161798612893439e-05 3.490297008549196107e+02
1.968940757554015541e-05 3.543488606251524971e+02
2.000208501442905221e-05 3.597490769020625976e+02
2.031972792424006661e-05 3.652315844821815745e+02
2.064241515908421748e-05 3.707976369623059441e+02
2.097022682531443874e-05 3.764485070255154255e+02
2.130324430141179194e-05 3.821854867315095134e+02
2.164155025818749689e-05 3.880098878114373520e+02
2.198522867930574709e-05 3.939230419670527112e+02
2.233436488213248048e-05 3.999263011747449355e+02
2.268904553891520106e-05 4.060210379932973979e+02
2.304935869829916761e-05 4.122086458775043525e+02
2.341539380718526853e-05 4.184905394626509860e+02
2.378724173293499399e-05 4.248681548859643726e+02
2.416499478592806511e-05 4.313429501421638861e+02
2.454874674247824629e-05 4.379164054184741417e+02
2.493859286811311399e-05 4.445900234319017272e+02
2.533462994122350463e-05 4.513653297718072963e+02
2.573695627708850640e-05 4.582438732477245367e+02
2.614567175228201226e-05 4.652272262424169185e+02
2.656087782946684139e-05 4.723169850703251882e+02
2.698267758258260558e-05 4.795147703414549483e+02
2.741117572243358520e-05 4.868222273306623151e+02
2.784647862268292356e-05 4.942410263532061663e+02
2.828869434625966506e-05 5.017728631432631232e+02
2.873793267218510179e-05 5.094194592489945421e+02
2.919430512282516414e-05 5.171825623645725045e+02
2.965792499157566896e-05 5.250639465744500285e+02
3.012890737098680854e-05 5.330654128425815088e+02
3.060736918133529643e-05 5.411887895317681796e+02
3.109342919964861552e-05 5.494359328086711685e+02
3.158720808919216610e-05 5.578087270691020194e+02
3.208882842942259049e-05 5.663090853658596870e+02
3.259841474641887835e-05 5.749389498439385306e+02
3.311609354379464439e-05 5.837002921823078623e+02
3.364199333410339277e-05 5.925951140420687580e+02
3.417624467074041383e-05 6.016254475218435118e+02
3.471898018035340889e-05 6.107933556196493328e+02
3.527033459576567152e-05 6.201009327019839930e+02
3.583044478942432092e-05 6.295503049803600106e+02
3.639944980737739547e-05 6.391436309915465017e+02
3.697749090379291194e-05 6.488831019105670066e+02
3.756471157602373233e-05 6.587709418479715850e+02
3.816125760023131660e-05 6.688094086620931193e+02
3.876727706757389082e-05 6.790007945079790943e+02
3.938292042096983860e-05 6.893474263585294466e+02
4.000834049244480687e-05 6.998516665315930823e+02
4.064369254107185646e-05 7.105159132255696477e+02
4.128913429151423280e-05 7.213426010628792255e+02
4.194482597318008722e-05 7.323342016418248477e+02
4.261093035999907649e-05 7.434932240965755454e+02
4.328761281083061836e-05 7.548222156659595612e+02
4.397504131051381874e-05 7.663237622697973848e+02
4.467338651156934314e-05 7.780004890975046692e+02
4.538282177656349846e-05 7.898550611934333574e+02
4.610352322114506226e-05 8.018901840352499448e+02
4.683566975776562018e-05 8.141086034858252560e+02
4.757944314009413829e-05 8.265131066052284723e+02
4.833502800813689035e-05 8.391065226909303192e+02
4.910261193407390709e-05 8.518917239376341968e+02
4.988238546882335894e-05 8.648716260822833419e+02
5.067454218934532386e-05 8.780491890616355022e+02
5.147927874669688028e-05 8.914274176796276379e+02
5.229679491485020722e-05 9.050093622845849950e+02
5.312729364028605846e-05 9.187981194566533532e+02
5.397098109237473336e-05 9.327968327057819806e+02
5.482806671455713466e-05 9.470086931788664515e+02
5.569876327633861880e-05 9.614369403834942887e+02
5.658328692610854749e-05 9.760848628970901473e+02
5.748185724479857808e-05 9.909557991852054784e+02
5.839469730039317075e-05 1.006053137744923447e+03
5.932203370330565490e-05 1.021380317011740658e+03
6.026409666263374618e-05 1.036940826898014848e+03
6.122112004330842571e-05 1.052738210129174604e+03
6.219334142415036443e-05 1.068776062960468380e+03
6.318100215684827145e-05 1.085058036000721131e+03
6.418434742587397974e-05 1.101587835023495927e+03
6.520362630934880383e-05 1.118369221796553575e+03
6.623909184087668756e-05 1.135406014921757333e+03
6.729100107235915092e-05 1.152702090688378576e+03
6.835961513780789279e-05 1.170261383938469180e+03
6.944519931817060758e-05 1.188087888945931581e+03
7.054802310718645520e-05 1.206185660305161718e+03
7.166836027828716270e-05 1.224558813853416495e+03
7.280648895256073888e-05 1.243211527474312561e+03
7.396269166779426824e-05 1.262148040351332838e+03
7.513725544861338897e-05 1.281372653003867526e+03
7.633047187773535499e-05 1.300889730574294845e+03
7.754263716835386956e-05 1.320703703839891432e+03
7.877405223767326801e-05 1.340819070230528951e+03
8.002502278161052177e-05 1.361240394809095960e+03
8.129585935068352220e-05 1.381972311281261454e+03
8.258687742710455002e-05 1.403019523015787854e+03
8.389839750309798514e-05 1.424386804081061427e+03
8.523074516046174546e-05 1.446079000296346067e+03
8.658425115139221429e-05 1.468101030299276090e+03
8.795925148059268687e-05 1.490457886625937817e+03
8.935608748868581399e-05 1.513154636817786695e+03
9.077510593695050701e-05 1.536196424506994390e+03
9.221665909340474431e-05 1.559588469921653086e+03
9.368110482025516367e-05 1.583336066122399416e+03
9.516880666273561248e-05 1.607444582837301823e+03
9.668013393935632636e-05 1.631919469949108361e+03
9.821546183358647718e-05 1.656766258711920955e+03
9.977517148699252005e-05 1.681990562941135067e+03
1.013596500938556902e-04 1.707598080225409831e+03
1.029692909972921498e-04 1.733594593156053179e+03
1.046044937868994748e-04 1.759985970573766281e+03
1.062656643979537676e-04 1.786778168832845722e+03
1.079532152121822237e-04 1.813977233086040542e+03
1.096675651601359538e-04 1.841589298576659985e+03
1.114091398251883914e-04 1.869620591996292433e+03
1.131783715491854948e-04 1.898077432666183540e+03
1.149756995397735633e-04 1.926966234436112472e+03
1.168015699794314866e-04 1.956293501404420567e+03
1.186564361362345190e-04 1.986065824868078607e+03
1.205407584763770230e-04 2.016289891132211324e+03
1.224550047784821541e-04 2.046972485520620467e+03
1.243996502497267571e-04 2.078120493386258204e+03
1.263751776438104644e-04 2.109740901651685817e+03
1.283820773807981853e-04 2.141840800242041951e+03
1.304208476688657520e-04 2.174427383568237019e+03
1.324919946279789259e-04 2.207507952023950111e+03
1.345960324155364384e-04 2.241089913504162723e+03
1.367334833540084500e-04 2.275180784944858260e+03
1.389048780606018992e-04 2.309788193887578927e+03
1.411107555789848592e-04 2.344919880027220188e+03
1.433516635131029985e-04 2.380583697029369887e+03
1.456281581631209421e-04 2.416787612525504301e+03
1.479408046635224147e-04 2.453539696697002910e+03
1.502901771234037254e-04 2.490848122954298560e+03
1.526768587689948534e-04 2.528721183490439216e+03
1.551014420884440229e-04 2.567167290439174849e+03
1.575645289789015730e-04 2.606194977869633931e+03
1.600667308959395239e-04 2.645812903381192882e+03
1.626086690053438655e-04 2.686029849840821043e+03
1.651909743373176779e-04 2.726854727109135183e+03
1.678142879431328142e-04 2.768296573797219480e+03
1.704792610542693121e-04 2.810364559046041904e+03
1.731865552440823523e-04 2.853067984320948199e+03
1.759368425920359289e-04 2.896416285259955202e+03
1.787308058505453559e-04 2.940419033435291567e+03
1.815691386144687488e-04 2.985085938513137535e+03
1.844525454932903648e-04 3.030426842062331616e+03
1.873817422860383000e-04 3.076451692177764926e+03
1.903574561589799674e-04 3.123170566987415896e+03
1.933804258261392916e-04 3.170593687021273126e+03
1.964514017326808603e-04 3.218731416899807755e+03
1.995711462412061606e-04 3.267594267253325597e+03
2.027404338210083052e-04 3.317192896631969688e+03
2.059600512403321677e-04 3.367538113438678920e+03
2.092307977616878736e-04 3.418640877886341059e+03
2.125534853402657619e-04 3.470512303974348015e+03
2.159289388255024430e-04 3.523163661498457259e+03
2.193579961658476672e-04 3.576606378037494778e+03
2.228415086167831471e-04 3.630852041158434076e+03
2.263803409521446481e-04 3.685912399833106065e+03
2.299753716788001975e-04 3.741799368162382507e+03
2.336274932547372711e-04 3.798524991085869715e+03
2.373376123106136517e-04 3.856101432473866680e+03
2.411066498748254947e-04 3.914541014648409146e+03
2.449355416021517973e-04 3.973856227876753110e+03
2.488252380060276912e-04 4.034059731233348884e+03
2.527767046945073037e-04 4.095164354907965844e+03
2.567909226099736753e-04 4.157183102181071263e+03
2.608688882726556630e-04 4.220129151500612352e+03
2.650116140280114343e-04 4.284015858560662309e+03
2.692201282980410558e-04 4.348856758398580496e+03
2.734954758365899753e-04 4.414665567515736257e+03
2.778387179887062820e-04 4.481456186034913117e+03
2.822509329541176637e-04 4.549242699657280355e+03
2.867332160548916498e-04 4.618039383070749864e+03
2.912866800073467938e-04 4.687860689814277976e+03
2.959124551982820171e-04 4.758721190587669298e+03
3.006116899655924711e-04 4.830635594732374557e+03
3.053855508833415791e-04 4.903618802333508029e+03
3.102352230513604359e-04 4.977685902926164999e+03
3.151619103894462296e-04 5.052852178765009739e+03
3.201668359362322739e-04 5.129133106435071568e+03
3.252512421528045697e-04 5.206544358948142872e+03
3.304163912311399755e-04 5.285101807718969212e+03
3.356635654074422077e-04 5.364821524580091136e+03
3.409940672804542198e-04 5.445719783821285091e+03
3.464092201348251869e-04 5.527813064148090234e+03
3.519103682696128133e-04 5.611118050986173330e+03
3.574988773320025501e-04 5.695651637598999514e+03
3.631761346563260138e-04 5.781430930019437255e+03
3.689435496084639320e-04 5.868473202064542420e+03
3.748025539357176966e-04 5.956795823571763322e+03
3.807546021222371819e-04 6.046416345393039592e+03
3.868011717500932992e-04 6.137352526888743341e+03
3.929437638660841369e-04 6.229622336277092472e+03
3.991839033543662487e-04 6.323243952500085470e+03
4.055231393150038961e-04 6.418235766877506649e+03
4.119630454485291625e-04 6.514616384758183813e+03
4.185052204466096484e-04 6.612404627176685608e+03
4.251512883889203517e-04 6.711619532495599742e+03
4.319028991463158464e-04 6.812280358048280505e+03
4.387617287904096086e-04 6.914406581747885866e+03
4.457294800096529711e-04 7.018017903789982483e+03
4.528078825320240803e-04 7.123134247924238480e+03
4.599986935544289851e-04 7.229775758945051166e+03
4.673036981789213825e-04 7.337962679772295814e+03
4.747247098558501975e-04 7.447715342074732689e+03
4.822635708340443947e-04 7.559054284468160404e+03
4.899221526181469100e-04 7.672000260433876065e+03
4.977023564332114366e-04 7.786574238879119548e+03
5.056061136966766636e-04 7.902797405124944817e+03
5.136353864978370149e-04 8.020691161752060907e+03
5.217921680849257329e-04 8.140277129437246003e+03
5.300784833599347760e-04 8.261577147756435807e+03
5.384963893812919284e-04 8.384613275943387634e+03
5.470479758745204566e-04 8.509407793624463011e+03
5.557353657510087077e-04 8.635983201578221269e+03
5.645607156350181252e-04 8.764362221761422916e+03
5.735262163990601132e-04 8.894567801747878548e+03
5.826340937077747811e-04 9.026623056720443856e+03
5.918866085704470922e-04 9.160551064316923657e+03
6.012860579022975696e-04 9.296374994188432538e+03
6.108347750946852527e-04 9.434118220945578287e+03
6.205351305943677519e-04 9.573804315327317454e+03
6.303895324919580505e-04 9.715457046393805285e+03
6.404004271197283197e-04 9.859100380097681409e+03
6.505702996589053828e-04 1.000475847879348657e+04
6.609016747566117842e-04 1.015245570040591156e+04
6.713971171526031661e-04 1.030221659754201755e+04
6.820592323159591639e-04 1.045406591672608556e+04
6.928906670918848123e-04 1.060802859673162311e+04
7.038941103587838992e-04 1.076412976986969443e+04
7.150722936957664647e-04 1.092239475240607135e+04
7.264279920607573035e-04 1.108284906502157173e+04
7.379640244793725466e-04 1.124551805622626125e+04
7.496832547447362764e-04 1.141042664845315630e+04
7.615885921284104316e-04 1.157759979952899266e+04
7.736829921026147248e-04 1.174706259470128316e+04
7.859694570739156859e-04 1.191884023462356708e+04
7.984510371285671914e-04 1.209295803256547333e+04
8.111308307896872294e-04 1.226944141022549775e+04
8.240119857864587919e-04 1.244831589341600375e+04
8.370976998355465814e-04 1.262960710766428019e+04
8.503912214349227360e-04 1.281334077365486701e+04
8.638958506702986827e-04 1.299954270239970356e+04
8.776149400343635863e-04 1.318823879082452913e+04
8.915518952590332233e-04 1.337945501475186029e+04
9.057101761609149572e-04 1.357321743183992476e+04
9.200932975001986040e-04 1.376955211492889066e+04
9.347048298531879717e-04 1.396848474729991358e+04
9.495484004986880699e-04 1.417004068595021999e+04
9.646276943184682985e-04 1.437424529706611247e+04
9.799464547120260473e-04 1.458112393747356327e+04
9.955084845258764352e-04 1.479070195207636607e+04
1.011317646997600753e-03 1.500300466446808241e+04
1.027377866714885950e-03 1.521805736895640257e+04
1.043693130589793804e-03 1.543588532199270958e+04
1.060267488848503064e-03 1.565651373347721892e+04
1.077105056036769051e-03 1.587996775782274017e+04
1.094210012041349012e-03 1.610627248482584218e+04
1.111586603127649947e-03 1.633545293040254910e+04
1.129239142993853718e-03 1.656753402607410681e+04
1.147172013841783311e-03 1.680254061461996753e+04
1.165389667464773304e-03 1.704049724977444930e+04
1.183896626352817305e-03 1.728142774056254711e+04
1.202697484815266459e-03 1.752535556336406444e+04
1.221796910121354402e-03 1.777230401059375799e+04
1.241199643658837722e-03 1.802229616922840796e+04
1.260910502111032942e-03 1.827535491062547953e+04
1.280934378652548184e-03 1.853150287662573828e+04
1.301276244164000949e-03 1.879076246635956340e+04
1.321941148466028622e-03 1.905315582266104684e+04
1.342934221572895069e-03 1.931870481776973611e+04
1.364260674966002963e-03 1.958743104079813565e+04
1.385925802887633855e-03 1.985935577732778984e+04
1.407934983655229977e-03 2.013450001660085400e+04
1.430293680996549965e-03 2.041288435971469153e+04
1.453007445406025947e-03 2.069452912765511428e+04
1.476081915522661119e-03 2.097945074070602641e+04
1.499522819529808693e-03 2.126766117204583497e+04
1.523335976577179594e-03 2.155917118100733569e+04
1.547527298225433862e-03 2.185399072079949110e+04
1.572102789913710748e-03 2.215212885856130379e+04
1.597068552450464814e-03 2.245359375370006819e+04
1.622430783527979052e-03 2.275839262815778420e+04
1.648195779260925187e-03 2.306653173639639135e+04
1.674369935749361448e-03 2.337801633591897553e+04
1.700959750666548604e-03 2.369285065548708735e+04
1.727971824871981721e-03 2.401103787125055533e+04
1.755412864050039448e-03 2.433258004733184862e+04
1.783289680374654587e-03 2.465747822587846167e+04
1.811609194200415130e-03 2.498573190654134305e+04
1.840378435780535074e-03 2.531734229011914067e+04
1.869604547012092711e-03 2.565232216005624650e+04
1.899294783208990440e-03 2.599069142245153853e+04
1.929456514903070234e-03 2.633246938060158573e+04
1.960097229673831223e-03 2.667767543177078551e+04
1.991224534007202812e-03 2.702632885319470006e+04
2.022846155183838021e-03 2.737844885159903788e+04
2.054969943197392825e-03 2.773405454819812076e+04
2.087603872703267666e-03 2.809316497916233493e+04
2.120756044998298607e-03 2.845579909232102727e+04
2.154434690031884272e-03 2.882197574512875872e+04
2.188648168449052085e-03 2.919171370188282890e+04
2.223404973665968169e-03 2.956503162795301250e+04
2.258713733978409167e-03 2.994194811773076799e+04
2.294583214703715523e-03 3.032248141251732886e+04
2.331022320356762254e-03 3.070661771637381753e+04
2.368040096860482384e-03 3.109426580467888925e+04
2.405645733791497709e-03 3.148531846987721656e+04
2.443848566661408536e-03 3.187966214117702111e+04
2.482658079234313989e-03 3.227717692632155376e+04
2.522083905881133178e-03 3.267773643318989707e+04
2.562135833971314856e-03 3.308120766216712946e+04
2.602823806302530588e-03 3.348745088600549934e+04
2.644157923568950762e-03 3.389631953656167025e+04
2.686148446868717558e-03 3.430766011256149068e+04
2.728805800251238051e-03 3.472131203271619597e+04
2.772140573304931934e-03 3.513710772736491344e+04
2.816163523786071807e-03 3.555487189394002053e+04
2.860885580289368717e-03 3.597442374808725435e+04
2.906317844960973860e-03 3.639557862684124120e+04
2.952471596254557795e-03 3.681828494631752255e+04
2.999358291731161509e-03 3.724259545213585079e+04
3.046989570903508009e-03 3.766857354210612539e+04
3.095377258125486114e-03 3.809628608305846865e+04
3.144533365527516812e-03 3.852580450950306113e+04
3.194470095998537280e-03 3.895720473619938275e+04
3.245199846215340682e-03 3.939056722780237033e+04
3.296735209720019853e-03 3.982597706970908621e+04
3.349088980046287245e-03 4.026352402380414424e+04
3.402274153895438330e-03 4.070330262694814883e+04
3.456303934362752513e-03 4.114541212709980755e+04
3.511191734215130845e-03 4.158995712980292592e+04
3.566951179220785410e-03 4.203704525246850972e+04
3.623596111531801351e-03 4.248679664881161443e+04
3.681140593120421980e-03 4.293927463499057194e+04
3.739598909269899619e-03 4.339436912848157226e+04
3.798985572120782122e-03 4.385188899346561084e+04
3.859315324273520243e-03 4.431164373004192748e+04
3.920603142448283139e-03 4.477343291173442412e+04
3.982864241202894486e-03 4.523704894546634023e+04
4.046114076709806870e-03 4.570227630400315684e+04
4.110368350593068994e-03 4.616889163174355781e+04
4.175643013826208123e-03 4.663666365477791987e+04
4.241954270692029592e-03 4.710535315145897766e+04
4.309318582805285285e-03 4.757471291927402490e+04
4.377752673199237186e-03 4.804448776203511079e+04
4.447273530477108272e-03 4.851441452073901746e+04
4.517898413029462421e-03 4.898422177239512530e+04
4.589644853318562874e-03 4.945363216877602827e+04
4.662530662230762214e-03 4.992241097239717783e+04
4.736573933498017600e-03 5.039040037523958745e+04
4.811793048189609394e-03 5.085744443268761825e+04
4.888206679275208105e-03 5.132338549461333605e+04
4.965833796260388580e-03 5.178806317000666604e+04
5.044693669895770199e-03 5.225131470090314542e+04
5.124805876960931462e-03 5.271297492679976131e+04
5.206190305124303724e-03 5.317287636950939486e+04
5.288867157880234975e-03 5.363084928979450342e+04
5.372856959564463984e-03 5.408672175352074555e+04
5.458180560449236475e-03 5.454031970917303261e+04
5.544859141919333996e-03 5.499146703160898323e+04
5.632914221730314815e-03 5.543998570674075745e+04
5.722367659350220161e-03 5.588569553483117488e+04
5.813241661386169164e-03 5.632840980839575786e+04
5.905558787097077607e-03 5.676788854488755896e+04
5.999341953993944654e-03 5.720386164101008035e+04
6.094614443529072778e-03 5.763605431128008058e+04
6.191399906875633824e-03 5.806418796552472486e+04
6.289722370799015819e-03 5.848798027054227714e+04
6.389606243621413773e-03 5.890714534410517081e+04
6.491076321281138983e-03 5.932139394363227620e+04
6.594157793488149115e-03 5.973043366589603102e+04
6.698876249977338618e-03 6.013396915744127182e+04
6.805257686861129057e-03 6.053170233953049319e+04
6.913328513082944889e-03 6.092333262493076472e+04
7.023115556973169755e-03 6.130855722779808275e+04
7.134646072909217422e-03 6.168707113676305744e+04
7.247947748081369664e-03 6.205856839761526498e+04
7.363048709366054254e-03 6.242273274839877558e+04
7.479977530308276092e-03 6.277922871141974611e+04
7.598763238214934455e-03 6.312771412973006954e+04
7.719435321360785390e-03 6.346784630946855759e+04
7.842023736308833398e-03 6.379928152393749042e+04
7.966558915346982558e-03 6.412167560611604858e+04
8.093071774042774613e-03 6.443468427950195473e+04
8.221593718918117008e-03 6.473796356755136367e+04
8.352156655245865716e-03 6.503117019998776959e+04
8.484792994970244764e-03 6.531396203201582830e+04
8.619535664753033219e-03 6.558599847913507256e+04
8.756418114147526688e-03 6.584694095619959990e+04
8.895474323902323802e-03 6.609645329185928858e+04
9.036738814396948205e-03 6.633420253179394058e+04
9.180246654211472734e-03 6.655985637459429563e+04
9.326033468832199691e-03 6.677305080867004290e+04
9.474135449495605515e-03 6.697338598535757046e+04
9.624589362172737347e-03 6.716046593627135735e+04
9.777432556696273244e-03 6.733389876431236917e+04
9.932702976032534159e-03 6.749329809301336354e+04
1.009043916570073751e-02 6.763828352317793178e+04
1.025068028334182729e-02 6.776848139380026259e+04
1.041346610843927462e-02 6.788352547013902222e+04
1.057883705219423223e-02 6.798305766256936477e+04
1.074683416755753233e-02 6.806672874749325274e+04
1.091749915942097360e-02 6.813419909087136330e+04
1.109087439497047529e-02 6.818513939177029533e+04
1.126700291420362245e-02 6.821923136844416149e+04
1.144592844061424926e-02 6.823616865322185913e+04
1.162769539204669411e-02 6.823565345771049033e+04
1.181234889172242536e-02 6.821738110403725295e+04
1.199993477944177878e-02 6.818105353066277166e+04
1.219049962296357183e-02 6.812638761223651818e+04
1.238409072956545356e-02 6.805311583072015492e+04
1.258075615778781603e-02 6.796098708703838929e+04
1.278054472936421965e-02 6.784976747116558545e+04
1.298350604134127298e-02 6.771924102246438270e+04
1.318969047839098525e-02 6.756921047308530251e+04
1.339914922531863957e-02 6.739949797562594176e+04
1.361193427976931103e-02 6.720994579470333701e+04
1.382809846513614535e-02 6.700041704078025941e+04
1.404769544367365751e-02 6.677079609409958357e+04
1.427077972981925444e-02 6.652099018292078108e+04
1.449740670372631594e-02 6.625092718741355930e+04
1.472763262501219049e-02 6.596060428677630262e+04
1.496151464672451810e-02 6.565011049427936086e+04
1.519911082952933069e-02 6.531956843504787685e+04
1.544048015612448782e-02 6.496912093790307699e+04
1.568568254588198485e-02 6.459893298186008178e+04
1.593477886972280433e-02 6.420919119993411005e+04
1.618783096522797421e-02 6.380010393659344118e+04
1.644490165198960602e-02 6.337190112326290546e+04
1.670605474720571887e-02 6.292483413739799289e+04
1.697135508152269184e-02 6.245917563522135606e+04
1.724086851512933796e-02 6.197521928799178568e+04
1.751466195410653418e-02 6.147327954326136387e+04
1.779280336703652210e-02 6.095369169361432432e+04
1.807536180187587285e-02 6.041680811767055275e+04
1.836240740309659503e-02 5.986303817467018962e+04
1.865401142909925078e-02 5.929311338854708447e+04
1.895024626990272909e-02 5.870799645445075294e+04
1.925118546511487422e-02 5.810863845734024653e+04
1.955690372218854556e-02 5.749598746733069856e+04
1.986747693496753939e-02 5.687098166489526920e+04
2.018298220252709094e-02 5.623454914640436618e+04
2.050349784831351219e-02 5.558760593330034317e+04
2.082910343958782259e-02 5.493105459802278347e+04
2.115987980717812592e-02 5.426578288645925932e+04
2.149590906554568401e-02 5.359266232529863919e+04
2.183727463316962464e-02 5.291254748734354507e+04
2.218406125325540421e-02 5.222627328168153326e+04
2.253635501477209424e-02 5.153465972956815676e+04
2.289424337382377564e-02 5.083849282036660588e+04
2.325781517536031420e-02 5.013875184217518108e+04
2.362716067523289859e-02 4.943692276677447808e+04
2.400237156259986057e-02 4.873455903219685570e+04
2.438354098268829054e-02 4.803313345895221573e+04
2.477076355991711387e-02 4.733404792241342511e+04
2.516413542138739440e-02 4.663863187301184371e+04
2.556375422074564849e-02 4.594814326704300765e+04
2.596971916242615808e-02 4.526376959013952728e+04
2.638213102627821188e-02 4.458662920464161289e+04
2.680109219258448860e-02 4.391777300055552041e+04
2.722670666747670914e-02 4.325818630115883570e+04
2.765908010875493470e-02 4.260879099485407642e+04
2.809831985211684244e-02 4.197044790300536260e+04
2.854453493780358467e-02 4.134395940250257991e+04
2.899783613766877127e-02 4.073007942297174304e+04
2.945833598267730280e-02 4.012951774174884486e+04
2.992614879084095486e-02 3.954293370907143981e+04
3.040139069559752438e-02 3.897093853687230148e+04
3.088417967464070560e-02 3.841409849968695926e+04
3.137463557920776996e-02 3.787293811738516524e+04
3.187288016383234973e-02 3.734794352984366560e+04
3.237903711656973244e-02 3.683956546210856322e+04
3.289323208970212215e-02 3.634822369726593752e+04
3.341559273093151761e-02 3.587419528640700446e+04
3.394624871506796843e-02 3.541709925090473553e+04
3.448533177622105372e-02 3.497634134809009993e+04
3.503297574050253521e-02 3.455135372642328730e+04
3.558931655924840037e-02 3.414159251516139921e+04
3.615449234276846974e-02 3.374654267522091686e+04
3.672864339463194350e-02 3.336562705763495615e+04
3.731191224649743621e-02 3.299774988412225503e+04
3.790444369349613846e-02 3.264155149165702460e+04
3.850638483017686242e-02 3.229573737539684589e+04
3.911788508702192246e-02 3.195907461153861732e+04
3.973909626754290603e-02 3.163016564699777882e+04
4.037017258596553582e-02 3.130717969503409404e+04
4.101127070551300463e-02 3.098822727189487341e+04
4.166254977729721976e-02 3.067151744491306090e+04
4.232417147982774769e-02 3.035517412680240523e+04
4.299630005914809039e-02 3.003715260954605401e+04
4.367910236960938219e-02 2.971544199059434322e+04
4.437274791529160350e-02 2.938812403827999151e+04
4.507740889208258772e-02 2.905332896568339493e+04
4.579326023042521593e-02 2.870926411494142667e+04
4.652047963874351294e-02 2.835423395504817381e+04
4.725924764755833063e-02 2.798645459529196160e+04
4.800974765430367219e-02 2.760416087019164843e+04
4.877216596885460692e-02 2.720581282612604264e+04
4.954669185977833568e-02 2.679074413375856602e+04
5.033351760131960645e-02 2.635874810132884159e+04
5.113283852113239408e-02 2.590971594167039075e+04
5.194485304876952231e-02 2.544361113865724838e+04
5.276976276494231566e-02 2.496052782869013390e+04
5.360777245156256310e-02 2.446112455645149385e+04
5.445909014257914460e-02 2.394671894212850020e+04
5.532392717562197026e-02 2.341888757958670249e+04
5.620249824446606202e-02 2.287996704749333730e+04
5.709502145232881604e-02 2.233256179094773324e+04
5.800171836601342862e-02 2.177943051225922318e+04
5.892281407091264078e-02 2.122347646079068727e+04
5.985853722688545819e-02 2.066774083312673611e+04
6.080912012502146663e-02 2.011568634098096300e+04
6.177479874530657916e-02 1.957074815597808265e+04
6.275581281520449528e-02 1.903649552024662626e+04
6.375240586916847141e-02 1.851639213221897080e+04
6.476482530909821733e-02 1.801357558506218993e+04
6.579332246575682330e-02 1.753088098316891046e+04
6.683815266116302500e-02 1.707081081506496776e+04
6.789957527197432174e-02 1.663557117206270777e+04
6.897785379387658122e-02 1.622700465400657777e+04
7.007325590699629847e-02 1.584639133941612818e+04
7.118605354235148230e-02 1.549462477305741777e+04
7.231652294935798919e-02 1.517149105492184935e+04
7.346494476440769417e-02 1.487630907715073590e+04
7.463160408053588768e-02 1.460789026429521073e+04
7.581679051819496806e-02 1.436464767837320323e+04
7.702079829715195725e-02 1.414430847890166478e+04
7.824392630952796412e-02 1.394382467619105773e+04
7.948647819399742853e-02 1.375979016578362098e+04
8.074876241116565878e-02 1.358819738119283102e+04
8.203109232014356433e-02 1.342491041758154279e+04
8.333378625633819370e-02 1.326553226527050538e+04
8.465716761047889505e-02 1.310564620040533555e+04
8.600156490889818151e-02 1.294075315997256075e+04
8.736731189508771533e-02 1.276666743310622951e+04
8.875474761254931177e-02 1.257983525017459579e+04
9.016421648896169594e-02 1.237734507794046840e+04
9.159606842168389884e-02 1.215750470169235632e+04
9.305065886461642843e-02 1.191936875405812680e+04
9.452834891644189275e-02 1.166318521488216902e+04
9.602950541026687714e-02 1.138991380959517846e+04
9.755450100468743280e-02 1.110228141472462994e+04
9.910371427630070007e-02 1.080385730590457933e+04
1.006775298136856761e-01 1.049890952202158223e+04
1.022763383128763859e-01 1.019204946839856711e+04
1.039005366743513126e-01 9.888207482982390502e+03
1.055505281015629848e-01 9.592524074346054476e+03
1.072267222010323123e-01 9.309649609142303234e+03
1.089295350840324278e-01 9.043803726058984466e+03
1.106593894698873481e-01 8.798171178448370483e+03
1.124167147909110737e-01 8.574825318895649616e+03
1.142019472990131457e-01 8.374798961206033709e+03
1.160155301739971417e-01 8.197898621479489520e+03
1.178579136335791006e-01 8.042847848702976989e+03
1.197295550451529106e-01 7.906915182373651987e+03
1.216309190393307926e-01 7.786713070381160833e+03
1.235624776252867291e-01 7.678186198993194921e+03
1.255247103079316362e-01 7.576881927290938620e+03
1.275181042069493398e-01 7.477733130444895323e+03
1.295431541777228857e-01 7.375681120239689335e+03
1.316003629341812864e-01 7.266269650400789942e+03
1.336902411735970131e-01 7.145686121650172026e+03
1.358133077033654990e-01 7.012251376190009069e+03
1.379700895697976715e-01 6.865444884484758404e+03
1.401611221889582648e-01 6.706969035753772914e+03
1.423869494795812762e-01 6.539662671033194783e+03
1.446481239980967892e-01 6.367530346604661645e+03
1.469452070758017204e-01 6.195165583225430055e+03
1.492787689582089072e-01 6.026868352430253253e+03
1.516493889466093981e-01 5.866603355821003788e+03
1.540576555418825822e-01 5.717491299961195182e+03
1.565041665905900214e-01 5.581803991309147932e+03
1.589895294333897313e-01 5.460614367957803552e+03
1.615143610558068543e-01 5.353616423597402900e+03
1.640792882413989462e-01 5.259320896310118769e+03
1.666849477273535940e-01 5.174693211652735954e+03
1.693319863625568356e-01 5.096217151395363544e+03
1.720210612681719597e-01 5.019806455386757989e+03
1.747528400007682947e-01 4.941821506032358229e+03
1.775280007180405073e-01 4.859537259957448441e+03
1.803472323471597416e-01 4.771164334463162959e+03
1.832112347557981746e-01 4.676452376810307214e+03
1.861207189258693995e-01 4.576083106033654076e+03
1.890764071300282956e-01 4.472412357188595706e+03
1.920790331109732407e-01 4.368290873017789636e+03
1.951293422635962393e-01 4.266963611394091458e+03
1.982280918200252651e-01 4.171491286014826983e+03
2.013760510376056412e-01 4.083445642583412791e+03
2.045740013898660614e-01 4.003511619583063748e+03
2.078227367605178511e-01 3.931039698145496914e+03
2.111230636405345695e-01 3.864441738970954702e+03
2.144758013283615261e-01 3.801693904189553905e+03
2.178817821333048632e-01 3.740342080614557290e+03
2.213418515821501675e-01 3.678376984767394333e+03
2.248568686290627061e-01 3.614257098792493252e+03
2.284277058688207185e-01 3.547490573579279953e+03
2.320552497534349723e-01 3.478972396887229479e+03
2.357404008122085948e-01 3.409966342423603692e+03
2.394840738752911091e-01 3.342137253610645985e+03
2.432871983007831584e-01 3.276968808326390445e+03
2.471507182054472618e-01 3.215516931666289111e+03
2.510755926990826947e-01 3.158325095245751072e+03
2.550627961226223372e-01 3.104722111526043591e+03
2.591133182900102749e-01 3.053584983971315523e+03
2.632281647339211883e-01 3.003770303951441747e+03
2.674083569553810658e-01 2.954148181111133454e+03
2.716549326773528561e-01 2.904208931438404306e+03
2.759689461023484003e-01 2.853885727101097473e+03
2.803514681741320902e-01 2.803539657005571826e+03
2.848035868435799256e-01 2.754049825319043521e+03
2.893264073387606938e-01 2.706136768662760915e+03
2.939210524393067181e-01 2.660106041950813051e+03
2.985886627551406769e-01 2.616084717903628189e+03
3.033303970096298818e-01 2.573750634203186564e+03
3.081474323272361815e-01 2.532611543885958326e+03
3.130409645257348772e-01 2.492236488359485065e+03
3.180122084130738158e-01 2.452224690723129697e+03
3.230623980889443803e-01 2.412431395209215225e+03
3.281927872511477551e-01 2.373134024444008901e+03
3.334046495068195837e-01 2.334649940450090980e+03
3.386992786886009466e-01 2.297185940170871163e+03
3.440779891758291020e-01 2.260902152280055361e+03
3.495421162208292576e-01 2.225743762903493916e+03
3.550930162803875301e-01 2.191401583932936774e+03
3.607320673524885835e-01 2.157575322597761442e+03
3.664606693184001007e-01 2.124218886110245876e+03
3.722802442901901876e-01 2.091401347734100455e+03
3.781922369637633063e-01 2.059186934748411659e+03
3.841981149775027249e-01 2.027634316622465803e+03
3.902993692766083544e-01 1.996797959775631853e+03
3.964975144832201814e-01 1.966669097316018906e+03
4.027940892724199973e-01 1.937143702856812524e+03
4.091906567542036299e-01 1.908116257355399284e+03
4.156888048615196007e-01 1.879536165058566894e+03
4.222901467444695744e-01 1.851434829082536908e+03
4.289963211707691348e-01 1.823846566497111553e+03
4.358089929325681400e-01 1.796785144848954815e+03
4.427298532597314096e-01 1.770219056304346623e+03
4.497606202396826069e-01 1.744109702113066760e+03
4.569030392439155097e-01 1.718423122404831702e+03
4.641588833612781961e-01 1.693142217815472350e+03
4.715299538381385047e-01 1.668262973056275769e+03
4.790180805255390140e-01 1.643780962159150022e+03
4.866251223334533971e-01 1.619690979695712031e+03
4.943529676922563953e-01 1.595981148865560044e+03
5.022035350215224847e-01 1.572635919333385118e+03
5.101787732062686986e-01 1.549640509427949610e+03
5.182806620807610676e-01 1.526980648616146482e+03
5.265112129200036906e-01 1.504643759233752007e+03
5.348724689390332854e-01 1.482619964174576808e+03
5.433665058001423409e-01 1.460900218863444707e+03
5.519954321281572707e-01 1.439475782230707864e+03
5.607613900339002422e-01 1.418338249263858643e+03
5.696665556459623581e-01 1.397479503008066104e+03
5.787131396509233028e-01 1.376891325669028674e+03
5.879033878421484616e-01 1.356565484651182487e+03
5.972395816773021782e-01 1.336494082786744912e+03
6.067240388447144861e-01 1.316669546225645945e+03
6.163591138387414237e-01 1.297084619614246776e+03
6.261471985442630395e-01 1.277732355930360654e+03
6.360907228304631955e-01 1.258606107632402200e+03
6.461921551540387165e-01 1.239699636125016923e+03
6.564540031719884317e-01 1.221007151269301403e+03
6.668788143641326549e-01 1.202523137585697896e+03
6.774691766655194236e-01 1.184242327350270898e+03
6.882277191088732593e-01 1.166159694933246328e+03
6.991571124772466561e-01 1.148270449638643413e+03
7.102600699670350570e-01 1.130570029604311912e+03
7.215393478615222955e-01 1.113054094172327723e+03
7.329977462151210377e-01 1.095718522028560074e+03
7.446381095484798651e-01 1.078559395115073130e+03
7.564633275546290836e-01 1.061573170052941350e+03
7.684763358163396729e-01 1.044756734851509691e+03
7.806801165348757898e-01 1.028107178167783104e+03
7.930776992703183481e-01 1.011621745931147984e+03
8.056721616936468600e-01 9.952978400764877733e+02
8.184666303507638352e-01 9.791330134720338947e+02
8.314642814386523639e-01 9.631249654149818298e+02
8.446683415938599504e-01 9.472715372169739112e+02
8.580820886935033309e-01 9.315707077341165814e+02
8.717088526689937833e-01 9.160205894003903495e+02
8.855520163326846550e-01 9.006194224499292886e+02
8.996150162176471676e-01 8.853655770670503671e+02
9.139013434307811101e-01 8.702575253577250578e+02
9.284145445194744717e-01 8.552940393339898719e+02
9.431582223520252883e-01 8.404744065133979802e+02
9.581360370120451941e-01 8.257981197707199499e+02
9.733517067070671658e-01 8.112647108961563163e+02
9.888090086915810595e-01 7.968737698462092567e+02
1.004511780204728977e+00 7.826249362473632800e+02
1.020463919422890386e+00 7.685178980529981345e+02
1.036669386427395700e+00 7.545523884988183454e+02
1.053132204187607002e+00 7.407281834747119547e+02
1.069856459559610729e+00 7.270450988749464614e+02
1.086846304300770338e+00 7.135029878517431143e+02
1.104105956100390307e+00 7.001017384173920846e+02
1.121639699626748143e+00 6.868412706977983362e+02
1.139451887590751777e+00 6.737215320383425023e+02
1.157546941826492093e+00 6.607425323281219107e+02
1.175929354388950632e+00 6.479047724043279004e+02
1.194603688669144015e+00 6.352091931655703547e+02
1.213574580526973312e+00 6.226566818149167375e+02
1.232846739442065909e+00 6.102480763757121167e+02
1.252424949682893640e+00 5.979841571011766064e+02
1.272314071494454968e+00 5.858656487981793362e+02
1.292519042304821175e+00 5.738932199530602247e+02
1.313044877950839018e+00 5.620674828213816454e+02
1.333896673923302911e+00 5.503889933273990209e+02
1.355079606631897304e+00 5.388582510013870888e+02
1.376598934690228093e+00 5.274756992261345658e+02
1.398460000221262156e+00 5.162417244878505471e+02
1.420668230183496084e+00 5.051566594462585726e+02
1.443229137718186506e+00 4.942207729372261156e+02
1.466148323517974195e+00 4.834344007109535823e+02
1.489431477217242783e+00 4.727983082209395889e+02
1.513084378804558039e+00 4.623133264076752766e+02
1.537112900057535647e+00 4.519801577007134483e+02
1.561523006000496538e+00 4.417993869159592464e+02
1.586320756385270592e+00 4.317714824421419166e+02
1.611512307195515303e+00 4.218967995038137815e+02
1.637103912174925568e+00 4.121755831185702732e+02
1.663101924379708718e+00 4.026079711257696658e+02
1.689512797755718498e+00 3.931939972448315075e+02
1.716343088740630352e+00 3.839335941281675559e+02
1.743599457891562121e+00 3.748265965338297292e+02
1.771288671538542303e+00 3.658727440607348740e+02
1.799417603464234849e+00 3.570716857673355662e+02
1.827993236610340411e+00 3.484229797235469732e+02
1.857022664811095458e+00 3.399262084327680213e+02
1.886513094554298720e+00 3.315810190590402726e+02
1.916471846770306797e+00 3.233869740531148409e+02
1.946906358649436841e+00 3.153435309369277775e+02
1.977824185488231912e+00 3.074500493501482765e+02
2.009233002565046000e+00 2.997057946607771441e+02
2.041140607045413002e+00 2.921099423716510159e+02
2.073554919917677264e+00 2.846615822783152225e+02
2.106483987959356874e+00 2.773597226215321143e+02
2.139935985734740864e+00 2.702032941743175343e+02
2.173919217624203259e+00 2.631911542644102155e+02
2.208442119885747790e+00 2.563220907455527140e+02
2.243513262749287751e+00 2.495948258842402367e+02
2.279141352544187260e+00 2.430080200819026857e+02
2.315335233860585262e+00 2.365602780984370099e+02
2.352103891745045861e+00 2.302501696774953075e+02
2.389456453931075419e+00 2.240762239740223549e+02
2.427402193105059336e+00 2.180369190642881279e+02
2.465950529208186470e+00 2.121306860357963728e+02
2.505111031774926555e+00 2.063559122777909920e+02
2.544893422308645015e+00 2.007109449885223569e+02
2.585307576694944931e+00 1.951940944967709015e+02
2.626363527653329921e+00 1.898036375143072405e+02
2.668071467227805194e+00 1.845378202843660347e+02
2.710441749317028748e+00 1.793948616382312196e+02
2.753484892244640658e+00 1.743729559428344089e+02
2.797211581370415701e+00 1.694702759921976281e+02
2.841632671742874816e+00 1.646849756532860738e+02
2.886759190794029983e+00 1.600151929016431893e+02
2.932602341076914865e+00 1.554590485597112774e+02
2.979173503046593563e+00 1.510146443113260943e+02
3.026484237885334050e+00 1.466800722256215295e+02
3.074546290372641266e+00 1.424534195410770678e+02
3.123371591800873759e+00 1.383327705390383358e+02
3.172972262937164167e+00 1.343162085879191636e+02
3.223360617032346997e+00 1.304018180480460956e+02
3.274549162877731678e+00 1.265876860976504190e+02
3.326550607910355950e+00 1.228719044719234716e+02
3.379377861367582891e+00 1.192525711177956964e+02
3.433044037491790323e+00 1.157277917651398411e+02
3.487562458785950614e+00 1.122956814200341995e+02
3.542946659320909131e+00 1.089543657639669476e+02
3.599210388095188229e+00 1.057019825355067724e+02
3.656367612448142346e+00 1.025366822819129311e+02
3.714432521527319064e+00 9.945662087820097952e+01
3.773419529810879247e+00 9.645996083616239503e+01
3.833343280685960419e+00 9.354488318863518259e+01
3.894218650083861366e+00 9.070958869390869950e+01
3.956060750172959217e+00 8.795229863667461245e+01
4.018884933110267177e+00 8.527125550759629391e+01
4.082706794852575705e+00 8.266472364278871510e+01
4.147542179028108400e+00 8.013098980557764150e+01
4.213407180869668700e+00 7.766836371735521993e+01
4.280318151210241062e+00 7.527517853705742823e+01
4.348291700542049831e+00 7.294979129473998114e+01
4.417344703140073214e+00 7.069058327265983621e+01
4.487494301251045314e+00 6.849596034791605348e+01
4.558757909348973847e+00 6.636435332901220363e+01
4.631153218458249121e+00 6.429421637586578697e+01
4.704698200545393227e+00 6.228401947221095725e+01
4.779411112980564091e+00 6.033225560317047353e+01
4.855310503069902417e+00 5.843744536947552604e+01
4.932415212659855719e+00 5.659813678729626218e+01
5.010744382814625197e+00 5.481290529699826664e+01
5.090317458567891862e+00 5.308035366483824191e+01
5.171154193749995187e+00 5.139911188527040764e+01
5.253274655891780220e+00 4.976783705432345073e+01
5.336699231206313065e+00 4.818521322298497722e+01
5.421448629649710860e+00 4.664995123322091075e+01
5.507543890062343017e+00 4.516078852427623502e+01
5.595006385391669390e+00 4.371648896216935754e+01
5.683857827998026302e+00 4.231584250694354665e+01
5.774120275044672290e+00 4.095766529929274213e+01
5.865816133973423163e+00 3.964079574317295140e+01
5.958968168067249493e+00 3.836409283988759711e+01
6.053599502101209673e+00 3.712644083988774923e+01
6.149733628083116521e+00 3.592675009339313874e+01
6.247394411085378962e+00 3.476395652081450294e+01
6.346606095169448736e+00 3.363702125372443419e+01
6.447393309404349182e+00 3.254493023827561160e+01
6.549781073980787127e+00 3.148669384071508404e+01
6.653794806422357766e+00 3.046134644929247060e+01
6.759460327895382648e+00 2.946794607408727984e+01
6.866803869618954614e+00 2.850557394396849276e+01
6.975852079376779535e+00 2.757333410726692691e+01
7.086632028132422434e+00 2.667035301015441462e+01
7.199171216749612690e+00 2.579577916359555090e+01
7.313497582819271869e+00 2.494878231435964366e+01
7.429639507594949954e+00 2.412855081954578296e+01
7.547625823038409898e+00 2.333429202996334340e+01
7.667485818977094247e+00 2.256523439293137656e+01
7.789249250375253730e+00 2.182062689931816735e+01
7.912946344720549696e+00 2.109973868403720942e+01
8.038607809527958281e+00 2.040185857336991049e+01
8.166264839962837030e+00 1.972629465186663111e+01
8.295949126585053790e+00 1.907237383135908004e+01
8.427692863216094565e+00 1.843944142641663220e+01
8.561528754931101659e+00 1.782686073530671322e+01
8.697490026177835176e+00 1.723401262702792636e+01
8.835610429024560730e+00 1.666029513386148508e+01
8.975924251538929255e+00 1.610512305040830228e+01
9.118466326299902391e+00 1.556792754128185940e+01
9.263272039044860406e+00 1.504815528427470106e+01
9.410377337454033153e+00 1.454526691664473503e+01
9.559818740074421228e+00 1.405873816396932519e+01
9.711633345385447313e+00 1.358805992328896295e+01
9.865858841008558144e+00 1.313273786413531496e+01
1.002253351306309703e+01 1.269229204928868349e+01
1.018169625567074021e+01 1.226625655969684203e+01
1.034338658061087202e+01 1.185417912831291432e+01
1.050764462712928982e+01 1.145562078139660223e+01
1.067451117190268306e+01 1.107015548744445077e+01
1.084402763916134127e+01 1.069736981409911714e+01
1.101623611097262767e+01 1.033686259094150728e+01
1.119117933768775508e+01 9.988244585516945051e+00
1.136890074855445754e+01 9.651138165783910594e+00
1.154944446249819912e+01 9.325177019236477349e+00
1.173285529907459512e+01 9.010005251416618677e+00
1.191917878959576704e+01 8.705277131691616432e+00
1.210846118843337571e+01 8.410657404433464990e+00
1.230074948450116956e+01 8.125821086695879103e+00
1.249609141291986703e+01 7.850453161610539077e+00
1.269453546686728984e+01 7.584248296328207850e+00
1.289613090961668540e+01 7.326910563979604163e+00
1.310092778676621172e+01 7.078153173282491828e+00
1.330897693866264930e+01 6.837698205036530474e+00
1.352033001302239157e+01 6.605276355484869910e+00
1.373503947775287237e+01 6.380626686118284319e+00
1.395315863397760126e+01 6.163496381055388440e+00
1.417474162926804837e+01 5.953640506327683823e+00
1.439984347108563867e+01 5.750821793733983611e+00
1.462852004043724463e+01 5.554810326969375822e+00
1.486082810574749935e+01 5.365383085993242318e+00
1.509682533695143292e+01 5.182323902802711046e+00
1.533657031981089958e+01 5.005423489540037352e+00
1.558012257045835725e+01 4.834479209434412894e+00
1.582754255017160361e+01 4.669294881277169296e+00
1.607889168038315120e+01 4.509680581553697110e+00
1.633423235792795225e+01 4.355452454116622185e+00
1.659362797053326943e+01 4.206432524830203690e+00
1.685714291255453290e+01 4.062448521618053476e+00
1.712484260096108102e+01 3.923333699657136631e+00
1.739679349157577803e+01 3.788926671575313598e+00
1.767306309557251964e+01 3.659071242609827745e+00
1.795371999623571213e+01 3.533616250461744990e+00
1.823883386598592082e+01 3.412415409285184165e+00
1.852847548367588715e+01 3.295327091116842855e+00
1.882271675216120954e+01 3.182214091339468087e+00
1.912163071615006160e+01 3.072943651261002884e+00
1.942529158033637060e+01 2.967387342518875482e+00
1.973377472782096476e+01 2.865420931105225666e+00
2.004715673882523319e+01 2.766924244416630874e+00
2.036551540970200946e+01 2.671781042671644180e+00
2.068892977224832563e+01 2.579878894128581290e+00
2.101748011332487209e+01 2.491109054126589228e+00
2.135124799478701263e+01 2.405366347793175930e+00
2.169031627373234983e+01 2.322549056367086084e+00
2.203476912306977553e+01 2.242558806863723664e+00
2.238469205241522886e+01 2.165300465596342150e+00
2.274017192931923503e+01 2.090682033259407380e+00
2.310129700083157900e+01 2.018614544347324458e+00
2.346815691540844284e+01 1.949011899697961292e+00
2.384084274516740720e+01 1.881790800031678534e+00
2.421944700849590149e+01 1.816870711041644659e+00
2.460406369301867358e+01 1.754173778214761947e+00
2.499478827893000243e+01 1.693624738838724442e+00
2.539171776269643388e+01 1.635150837703491566e+00
2.579495068113591927e+01 1.578681745301468098e+00
2.620458713587936117e+01 1.524149478649864387e+00
2.662072881822060211e+01 1.471488324622720834e+00
2.704347903436104872e+01 1.420634765722642578e+00
2.747294273105521256e+01 1.371527408201415721e+00
2.790922652166347362e+01 1.324106912530356617e+00
2.835243871261860349e+01 1.278315925832327116e+00
2.880268933031260659e+01 1.234099017493551109e+00
2.926009014841048739e+01 1.191402610188806666e+00
2.972475471559781113e+01 1.150174909714832161e+00
3.019679838376890402e+01 1.110365856342667934e+00
3.067633833666269538e+01 1.071927075299764720e+00
3.116349361895329295e+01 1.034811820143033190e+00
3.165838516580262407e+01 9.989749191188977973e-01
3.216113583288204580e+01 9.643727229522965905e-01
3.267187042687134380e+01 9.309630544012734710e-01
3.319071573644149709e+01 8.987051594306093572e-01
3.371780056372966072e+01 8.675596599707700030e-01
3.425325575631405428e+01 8.374885082212276677e-01
3.479721423969654381e+01 8.084549424102547288e-01
3.534981105030109205e+01 7.804234440617069390e-01
3.591118336899622676e+01 7.533596965820327229e-01
3.648147055514987613e+01 7.272305444512873196e-01
3.706081418122502669e+01 7.020039245875867584e-01
3.764935806792471595e+01 6.776488144381757062e-01
3.824724831989521334e+01 6.541352483559735864e-01
3.885463336199617856e+01 6.314342850491810877e-01
3.947166397614672206e+01 6.095179733056634852e-01
4.009849333875673949e+01 5.883593181610717870e-01
4.073527705875252991e+01 5.679322484333767518e-01
4.138217321620641798e+01 5.482115852880752316e-01
4.203934240157968816e+01 5.291730118834454544e-01
4.270694775558884970e+01 5.107930440375337833e-01
4.338515500970493122e+01 4.930490018838124544e-01
4.407413252729588748e+01 4.759189824998286689e-01
4.477405134542246401e+01 4.593818334065933318e-01
4.548508521729773690e+01 4.434171271601186626e-01
4.620741065542090809e+01 4.280051441291952141e-01
4.694120697539617026e+01 4.131269154258875864e-01
4.768665634044735668e+01 3.987641574658797317e-01
4.844394380663953825e+01 3.848991960254771749e-01
4.921325736881877333e+01 3.715149671696362232e-01
4.999478800728137173e+01 3.585949515972446933e-01
5.078872973518433298e+01 3.461225805745175021e-01
5.159527964670862588e+01 3.340828774148288383e-01
5.241463796598739577e+01 3.224607199635809995e-01
5.324700809681109348e+01 3.112416710346104787e-01
5.409259667312205266e+01 3.004117911089488890e-01
5.495161361031081526e+01 2.899576212322770297e-01
5.582427215732719361e+01 2.798661664982923236e-01
5.671078894961878802e+01 2.701248800979866860e-01
5.761138406291025404e+01 2.607216479154933486e-01
5.852628106783657103e+01 2.516447736518479528e-01
5.945570708544394734e+01 2.428829644586129044e-01
6.039989284357206145e+01 2.344253170639563622e-01
6.135907273413175744e+01 2.262613043743545160e-01
6.233348487129223514e+01 2.183807625356566917e-01
6.332337115059236510e+01 2.107738784378258567e-01
6.432897730899070154e+01 2.034311776481745326e-01
6.535055298586910055e+01 1.963435127584583495e-01
6.638835178500508505e+01 1.895020521316734541e-01
6.744263133752843942e+01 1.828982690348864015e-01
6.851365336587750221e+01 1.765239311449047221e-01
6.960168374877115127e+01 1.703710904140250670e-01
7.070699258721259639e+01 1.644320732835539145e-01
7.182985427154132196e+01 1.586994712331922519e-01
7.297054754954980638e+01 1.531661316548053875e-01
7.412935559568207111e+01 1.478251490394667245e-01
7.530656608133104157e+01 1.426698564670646485e-01
7.650247124625228423e+01 1.376938173881132876e-01
7.771736797111188366e+01 1.328908176877633962e-01
7.895155785118633673e+01 1.282548580223592805e-01
8.020534727123292384e+01 1.237801464192041234e-01
8.147904748154896026e+01 1.194610911305270806e-01
8.277297467523895591e+01 1.152922937329450698e-01
8.408745006670888245e+01 1.112685424640095233e-01
8.542279997140681758e+01 1.073848057877237194e-01
8.677935588683004653e+01 1.036362261811798469e-01
8.815745457481850167e+01 1.000181141347483982e-01
8.955743814515516021e+01 9.652594235849486226e-02
9.097965414049393473e+01 9.315534018776533420e-02
9.242445562263638692e+01 8.990208818110827227e-02
9.389220126017842460e+01 8.676211290394532372e-02
9.538325541754902304e+01 8.373148189162252231e-02
9.689798824546276990e+01 8.080639878569027823e-02
9.843677577280899982e+01 7.798319863747787961e-02
1.000000000000000000e+02 7.525834337322022394e-02
