1.000000000000000082e-05 4.254160897532329955e+01
1.015880489938017732e-05 4.318996244130982376e+01
1.032013169836706859e-05 4.384819710894775824e+01
1.048402044596200439e-05 4.451646357224350936e+01
1.065051182716407595e-05 4.519491472032473922e+01
1.081964717307009245e-05 4.588370577241883552e+01
1.099146847113493511e-05 4.658299431336502749e+01
1.116601837559483118e-05 4.729294032966690509e+01
1.134334021805618569e-05 4.801370624609521798e+01
1.152347801825253902e-05 4.874545696284821616e+01
1.170647649497236601e-05 4.948835989327795204e+01
1.189238107716041504e-05 5.024258500219217893e+01
1.208123791519533347e-05 5.100830484473949866e+01
1.227309389234638961e-05 5.178569460588773410e+01
1.246799663641214418e-05 5.257493214050301589e+01
1.266599453154392571e-05 5.337619801404048303e+01
1.286713673025709489e-05 5.418967554385523044e+01
1.307147316563304032e-05 5.501555084114189498e+01
1.327905456371494502e-05 5.585401285351432676e+01
1.348993245610040835e-05 5.670525340823435556e+01
1.370415919273404913e-05 5.756946725609807203e+01
1.392178795490325432e-05 5.844685211599239949e+01
1.414287276844031064e-05 5.933760872012994270e+01
1.436746851713419216e-05 6.024194085997377357e+01
1.459563095635532749e-05 6.116005543286122759e+01
1.482741672689674829e-05 6.209216248933928028e+01
1.506288336903502602e-05 6.303847528122060595e+01
1.530208933681452029e-05 6.399921031037285246e+01
1.554509401255845086e-05 6.497458737825016328e+01
1.579195772161042701e-05 6.596482963618095141e+01
1.604274174731006115e-05 6.697016363642157444e+01
1.629750834620643444e-05 6.799081938398747127e+01
1.655632076351312433e-05 6.902703038927508317e+01
1.681924324880868863e-05 7.007903372148588517e+01
1.708634107198646877e-05 7.114707006286342050e+01
1.735768053945768629e-05 7.223138376375815994e+01
1.763332901061187140e-05 7.333222289853091524e+01
1.791335491453864860e-05 7.444983932230897494e+01
1.819782776701511795e-05 7.558448872860579115e+01
1.848681818776297910e-05 7.673643070782048881e+01
1.878039791797971448e-05 7.790592880662808284e+01
1.907863983814815840e-05 7.909325058827442945e+01
1.938161798612893439e-05 8.029866769379107438e+01
1.968940757554015541e-05 8.152245590414224807e+01
2.000208501442905221e-05 8.276489520331992367e+01
2.031972792424006661e-05 8.402626984239898889e+01
2.064241515908421748e-05 8.530686840456995412e+01
2.097022682531443874e-05 8.660700243939115239e+01
2.130324430141179194e-05 8.792690266556276413e+01
2.164155025818749689e-05 8.926691726814850369e+01
2.198522867930574709e-05 9.062735275573287197e+01
2.233436488213248048e-05 9.200852028246578129e+01
2.268904553891520106e-05 9.341073575622219494e+01
2.304935869829916761e-05 9.483431989248103378e+01
2.341539380718526853e-05 9.627959829445009632e+01
2.378724173293499399e-05 9.774690152523476172e+01
2.416499478592806511e-05 9.923656518407773319e+01
2.454874674247824629e-05 1.007489299828635865e+02
2.493859286811311399e-05 1.022843418240424000e+02
2.533462994122350463e-05 1.038431518796554514e+02
2.573695627708850640e-05 1.054257166716934933e+02
2.614567175228201226e-05 1.070323981531712860e+02
2.656087782946684139e-05 1.086635637904343525e+02
2.698267758258260558e-05 1.103195866145387640e+02
2.741117572243358520e-05 1.120008453098553645e+02
2.784647862268292356e-05 1.137077243248428715e+02
2.828869434625966506e-05 1.154406139618495786e+02
2.873793267218510179e-05 1.171999104658445674e+02
2.919430512282516414e-05 1.189860161149105124e+02
2.965792499157566896e-05 1.207993393120071204e+02
3.012890737098680854e-05 1.226402946781477823e+02
3.060736918133529643e-05 1.245093031470130853e+02
3.109342919964861552e-05 1.264067920609736149e+02
3.158720808919216610e-05 1.283331952685864508e+02
3.208882842942259049e-05 1.302889532235923866e+02
3.259841474641887835e-05 1.322745130852830471e+02
3.311609354379464439e-05 1.342903288210081882e+02
3.364199333410339277e-05 1.363368613053842466e+02
3.417624467074041383e-05 1.384145784157745709e+02
3.471898018035340889e-05 1.405239551455916569e+02
3.527033459576567152e-05 1.426654737187888600e+02
3.583044478942432092e-05 1.448396236990897421e+02
3.639944980737739547e-05 1.470469021018233207e+02
3.697749090379291194e-05 1.492878135071593135e+02
3.756471157602373233e-05 1.515628701751585083e+02
3.816125760023131660e-05 1.538725921625537865e+02
3.876727706757389082e-05 1.562175074412729430e+02
3.938292042096983860e-05 1.585981520188337015e+02
4.000834049244480687e-05 1.610150700604419569e+02
4.064369254107185646e-05 1.634688140131808609e+02
4.128913429151423280e-05 1.659599447315578686e+02
4.194482597318008722e-05 1.684890316055053461e+02
4.261093035999907649e-05 1.710566526490841852e+02
4.328761281083061836e-05 1.736633946026206274e+02
4.397504131051381874e-05 1.763098531240676721e+02
4.467338651156934314e-05 1.789966329302489783e+02
4.538282177656349846e-05 1.817243479347551727e+02
4.610352322114506226e-05 1.844936213874063924e+02
4.683566975776562018e-05 1.873050860160632283e+02
4.757944314009413829e-05 1.901593841705040120e+02
4.833502800813689035e-05 1.930571679685078834e+02
4.910261193407390709e-05 1.959990994441440364e+02
4.988238546882335894e-05 1.989858506983005100e+02
5.067454218934532386e-05 2.020181040515355164e+02
5.147927874669688028e-05 2.050965521990612501e+02
5.229679491485020722e-05 2.082218983688131857e+02
5.312729364028605846e-05 2.113948564689750924e+02
5.397098109237473336e-05 2.146161511490476528e+02
5.482806671455713466e-05 2.178865179990651200e+02
5.569876327633861880e-05 2.212067037830984191e+02
5.658328692610854749e-05 2.245774666084603837e+02
5.748185724479857808e-05 2.279995760978706585e+02
5.839469730039317075e-05 2.314738135638473864e+02
5.932203370330565490e-05 2.350009721858133389e+02
6.026409666263374618e-05 2.385818571898637117e+02
6.122112004330842571e-05 2.422172860312555258e+02
6.219334142415036443e-05 2.459080885796466305e+02
6.318100215684827145e-05 2.496551073070687039e+02
6.418434742587397974e-05 2.534591974791564439e+02
6.520362630934880383e-05 2.573212273471561957e+02
6.623909184087668756e-05 2.612420783518383587e+02
6.729100107235915092e-05 2.652226452215463155e+02
6.835961513780789279e-05 2.692638360223707537e+02
6.944519931817060758e-05 2.733665725246344209e+02
7.054802310718645520e-05 2.775317904802149656e+02
7.166836027828716270e-05 2.817604398257320781e+02
7.280648895256073888e-05 2.860534848989094030e+02
7.396269166779426824e-05 2.904119046554137071e+02
7.513725544861338897e-05 2.948366928896676313e+02
7.633047187773535499e-05 2.993288584588249819e+02
7.754263716835386956e-05 3.038894255100615851e+02
7.877405223767326801e-05 3.085194337114828613e+02
8.002502278161052177e-05 3.132199384859259226e+02
8.129585935068352220e-05 3.179920112499842162e+02
8.258687742710455002e-05 3.228367396517838301e+02
8.389839750309798514e-05 3.277552278103701155e+02
8.523074516046174546e-05 3.327485962169067193e+02
8.658425115139221429e-05 3.378179819332414127e+02
8.795925148059268687e-05 3.429645391915103119e+02
8.935608748868581399e-05 3.481894396687893050e+02
9.077510593695050701e-05 3.534938727512785590e+02
9.221665909340474431e-05 3.588790457990978666e+02
9.368110482025516367e-05 3.643461844165464072e+02
9.516880666273561248e-05 3.698965327258318325e+02
9.668013393935632636e-05 3.755313536450128140e+02
9.821546183358647718e-05 3.812519291701536872e+02
9.977517148699252005e-05 3.870595606612092183e+02
1.013596500938556902e-04 3.929555691341732313e+02
1.029692909972921498e-04 3.989412955493663162e+02
1.046044937868994748e-04 4.050181011356060594e+02
1.062656643979537676e-04 4.111873674756764672e+02
1.079532152121822237e-04 4.174504961064107533e+02
1.096675651601359538e-04 4.238089092396137971e+02
1.114091398251883914e-04 4.302640505062768739e+02
1.131783715491854948e-04 4.368173852465037612e+02
1.149756995397735633e-04 4.434704008405822151e+02
1.168015699794314866e-04 4.502246070352256879e+02
1.186564361362345190e-04 4.570815362766962267e+02
1.205407584763770230e-04 4.640427440485638613e+02
1.224550047784821541e-04 4.711098092142407268e+02
1.243996502497267571e-04 4.782843343647432448e+02
1.263751776438104644e-04 4.855679461712293232e+02
1.283820773807981853e-04 4.929622957440656705e+02
1.304208476688657520e-04 5.004690589905886782e+02
1.324919946279789259e-04 5.080899369978305913e+02
1.345960324155364384e-04 5.158266554934598389e+02
1.367334833540084500e-04 5.236809643421844385e+02
1.389048780606018992e-04 5.316546393072909495e+02
1.411107555789848592e-04 5.397494826803330170e+02
1.433516635131029985e-04 5.479673236547690749e+02
1.456281581631209421e-04 5.563100187252105115e+02
1.479408046635224147e-04 5.647794520869201733e+02
1.502901771234037254e-04 5.733775360424640439e+02
1.526768587689948534e-04 5.821062114139394907e+02
1.551014420884440229e-04 5.909674479607909916e+02
1.575645289789015730e-04 5.999632448049047753e+02
1.600667308959395239e-04 6.090956308575183584e+02
1.626086690053438655e-04 6.183666652654562768e+02
1.651909743373176779e-04 6.277784378268028149e+02
1.678142879431328142e-04 6.373330692806032403e+02
1.704792610542693121e-04 6.470327089263748803e+02
1.731865552440823523e-04 6.568795357383074816e+02
1.759368425920359289e-04 6.668757608154785430e+02
1.787308058505453559e-04 6.770236278797264049e+02
1.815691386144687488e-04 6.873254137558801631e+02
1.844525454932903648e-04 6.977834288413132526e+02
1.873817422860383000e-04 7.084000175898199814e+02
1.903574561589799674e-04 7.191775589993686708e+02
1.933804258261392916e-04 7.301184671071787307e+02
1.964514017326808603e-04 7.412251914928506267e+02
1.995711462412061606e-04 7.525002177822340172e+02
2.027404338210083052e-04 7.639460681834866591e+02
2.059600512403321677e-04 7.755653019301719269e+02
2.092307977616878736e-04 7.873605161024289600e+02
2.125534853402657619e-04 7.993343437460202949e+02
2.159289388255024430e-04 8.114894505579216002e+02
2.193579961658476672e-04 8.238285388436842140e+02
2.228415086167831471e-04 8.363543503006758328e+02
2.263803409521446481e-04 8.490696663044652723e+02
2.299753716788001975e-04 8.619773085232243375e+02
2.336274932547372711e-04 8.750801394616978541e+02
2.373376123106136517e-04 8.883810630295278088e+02
2.411066498748254947e-04 9.018830251132812919e+02
2.449355416021517973e-04 9.155890141566014790e+02
2.488252380060276912e-04 9.295020617473403490e+02
2.527767046945073037e-04 9.436252432147471154e+02
2.567909226099736753e-04 9.579616782208642007e+02
2.608688882726556630e-04 9.725145314254871209e+02
2.650116140280114343e-04 9.872870127431826859e+02
2.692201282980410558e-04 1.002282371413773149e+03
2.734954758365899753e-04 1.017503893236388194e+03
2.778387179887062820e-04 1.032954909969646678e+03
2.822509329541176637e-04 1.048638800302759364e+03
2.867332160548916498e-04 1.064558990566734337e+03
2.912866800073467938e-04 1.080718955332894438e+03
2.959124551982820171e-04 1.097122218051060827e+03
3.006116899655924711e-04 1.113772351686301590e+03
3.053855508833415791e-04 1.130672979365513584e+03
3.102352230513604359e-04 1.147827775029640861e+03
3.151619103894462296e-04 1.165240464098335679e+03
3.201668359362322739e-04 1.182914824125172800e+03
3.252512421528045697e-04 1.200854685514180574e+03
3.304163912311399755e-04 1.219063932092451068e+03
3.356635654074422077e-04 1.237546499780185741e+03
3.409940672804542198e-04 1.256306361130785035e+03
3.464092201348251869e-04 1.275347534484756579e+03
3.519103682696128133e-04 1.294674092648265741e+03
3.574988773320025501e-04 1.314290163573101836e+03
3.631761346563260138e-04 1.334199931050356554e+03
3.689435496084639320e-04 1.354407635362646488e+03
3.748025539357176966e-04 1.374917573963746236e+03
3.807546021222371819e-04 1.395734102157223106e+03
3.868011717500932992e-04 1.416861633781535829e+03
3.929437638660841369e-04 1.438304641909480779e+03
3.991839033543662487e-04 1.460067659517620541e+03
4.055231393150038961e-04 1.482155280308760439e+03
4.119630454485291625e-04 1.504572158958628506e+03
4.185052204466096484e-04 1.527323013382940871e+03
4.251512883889203517e-04 1.550412610376638213e+03
4.319028991463158464e-04 1.573845754272716476e+03
4.387617287904096086e-04 1.597627304711797933e+03
4.457294800096529711e-04 1.621762184394838641e+03
4.528078825320240803e-04 1.646255378672317420e+03
4.599986935544289851e-04 1.671111936445430956e+03
4.673036981789213825e-04 1.696336970763148884e+03
4.747247098558501975e-04 1.721935659489669661e+03
4.822635708340443947e-04 1.747913245961897246e+03
4.899221526181469100e-04 1.774275039652558007e+03
4.977023564332114366e-04 1.801026416831608230e+03
5.056061136966766636e-04 1.828172821258188605e+03
5.136353864978370149e-04 1.855719764730344195e+03
5.217921680849257329e-04 1.883672828342925413e+03
5.300784833599347760e-04 1.912037659624571916e+03
5.384963893812919284e-04 1.940819947867078554e+03
5.470479758745204566e-04 1.970025421739905823e+03
5.557353657510087077e-04 1.999659878234336247e+03
5.645607156350181252e-04 2.029729182209197461e+03
5.735262163990601132e-04 2.060239267589003703e+03
5.826340937077747811e-04 2.091196137736368655e+03
5.918866085704470922e-04 2.122605866045028961e+03
6.012860579022975696e-04 2.154474596472026860e+03
6.108347750946852527e-04 2.186808544082831759e+03
6.205351305943677519e-04 2.219613995590027571e+03
6.303895324919580505e-04 2.252897309892226531e+03
6.404004271197283197e-04 2.286664918601786667e+03
6.505702996589053828e-04 2.320923326597168852e+03
6.609016747566117842e-04 2.355679112493140110e+03
6.713971171526031661e-04 2.390938917106907411e+03
6.820592323159591639e-04 2.426709395543183291e+03
6.928906670918848123e-04 2.462997255666281035e+03
7.038941103587838992e-04 2.499809275610751229e+03
7.150722936957664647e-04 2.537152304089030167e+03
7.264279920607573035e-04 2.575033260701050040e+03
7.379640244793725466e-04 2.613459136217648847e+03
7.496832547447362764e-04 2.652436992860766622e+03
7.615885921284104316e-04 2.691973964571111082e+03
7.736829921026147248e-04 2.732077257259497856e+03
7.859694570739156859e-04 2.772754149072718974e+03
7.984510371285671914e-04 2.814011990537326710e+03
8.111308307896872294e-04 2.855858205137142704e+03
8.240119857864587919e-04 2.898300288109050143e+03
8.370976998355465814e-04 2.941345810413643449e+03
8.503912214349227360e-04 2.985002361757896324e+03
8.638958506702986827e-04 3.029277531813565474e+03
8.776149400343635863e-04 3.074178964407876265e+03
8.915518952590332233e-04 3.119714370573205088e+03
9.057101761609149572e-04 3.165891526165403775e+03
9.200932975001986040e-04 3.212718272192828408e+03
9.347048298531879717e-04 3.260202514488304587e+03
9.495484004986880699e-04 3.308352223496400711e+03
9.646276943184682985e-04 3.357175434007925105e+03
9.799464547120260473e-04 3.406680244880081318e+03
9.955084845258764352e-04 3.456874818686621893e+03
1.011317646997600753e-03 3.507767381605872743e+03
1.027377866714885950e-03 3.559366221889661574e+03
1.043693130589793804e-03 3.611679695026455647e+03
1.060267488848503064e-03 3.664716185288271390e+03
1.077105056036769051e-03 3.718483945896032765e+03
1.094210012041349012e-03 3.772991136486522009e+03
1.111586603127649947e-03 3.828245964149055908e+03
1.129239142993853718e-03 3.884256670786112409e+03
1.147172013841783311e-03 3.941031535987429379e+03
1.165389667464773304e-03 3.998578874537879983e+03
1.183896626352817305e-03 4.056907035309816365e+03
1.202697484815266459e-03 4.116024399728317803e+03
1.221796910121354402e-03 4.175939380281751255e+03
1.241199643658837722e-03 4.236660418968177510e+03
1.260910502111032942e-03 4.298195985653750540e+03
1.280934378652548184e-03 4.360554576523689320e+03
1.301276244164000949e-03 4.423744712018032260e+03
1.321941148466028622e-03 4.487774935947175436e+03
1.342934221572895069e-03 4.552653770485674613e+03
1.364260674966002963e-03 4.618389628249057751e+03
1.385925802887633855e-03 4.684990904368584779e+03
1.407934983655229977e-03 4.752465997604716904e+03
1.430293680996549965e-03 4.820823307953879521e+03
1.453007445406025947e-03 4.890071234060195820e+03
1.476081915522661119e-03 4.960218170714763801e+03
1.499522819529808693e-03 5.031272506219252136e+03
1.523335976577179594e-03 5.103242619712330452e+03
1.547527298225433862e-03 5.176136878397912369e+03
1.572102789913710748e-03 5.249963634802790693e+03
1.597068552450464814e-03 5.324731223576393859e+03
1.622430783527979052e-03 5.400447959786983120e+03
1.648195779260925187e-03 5.477122130949622260e+03
1.674369935749361448e-03 5.554761995917672721e+03
1.700959750666548604e-03 5.633375432366931818e+03
1.727971824871981721e-03 5.712969929742589557e+03
1.755412864050039448e-03 5.793552872202806611e+03
1.783289680374654587e-03 5.875131565901909198e+03
1.811609194200415130e-03 5.957713229154905093e+03
1.840378435780535074e-03 6.041304988791192045e+03
1.869604547012092711e-03 6.125913874970661709e+03
1.899294783208990440e-03 6.211546816229798424e+03
1.929456514903070234e-03 6.298210634366061640e+03
1.960097229673831223e-03 6.385912039261006612e+03
1.991224534007202812e-03 6.474657623501536364e+03
2.022846155183838021e-03 6.564453857560267352e+03
2.054969943197392825e-03 6.655307081469084551e+03
2.087603872703267666e-03 6.747223512640010995e+03
2.120756044998298607e-03 6.840209123363120852e+03
2.154434690031884272e-03 6.934269311619061227e+03
2.188648168449052085e-03 7.029409082982850123e+03
2.223404973665968169e-03 7.125633262782346719e+03
2.258713733978409167e-03 7.222946466519764726e+03
2.294583214703715523e-03 7.321353099642914458e+03
2.331022320356762254e-03 7.420857348351647488e+03
2.368040096860482384e-03 7.521463172700678115e+03
2.405645733791497709e-03 7.623174298996054858e+03
2.443848566661408536e-03 7.725994212229339610e+03
2.482658079234313989e-03 7.829926148533716514e+03
2.522083905881133178e-03 7.934973087059030149e+03
2.562135833971314856e-03 8.041137743483171107e+03
2.602823806302530588e-03 8.148422558064930854e+03
2.644157923568950762e-03 8.256829695291051394e+03
2.686148446868717558e-03 8.366360719730015262e+03
2.728805800251238051e-03 8.477016302481151797e+03
2.772140573304931934e-03 8.588796690039511304e+03
2.816163523786071807e-03 8.701701764045099480e+03
2.860885580289368717e-03 8.815731031959901884e+03
2.906317844960973860e-03 8.930883616700471975e+03
2.952471596254557795e-03 9.047158247387840674e+03
2.999358291731161509e-03 9.164553249545862855e+03
3.046989570903508009e-03 9.283066535451212985e+03
3.095377258125486114e-03 9.402695594412129140e+03
3.144533365527516812e-03 9.523437482999837812e+03
3.194470095998537280e-03 9.645288815465941298e+03
3.245199846215340682e-03 9.768245753343071556e+03
3.296735209720019853e-03 9.892303998278975996e+03
3.349088980046287245e-03 1.001745871417508351e+04
3.402274153895438330e-03 1.014370379101370418e+04
3.456303934362752513e-03 1.027103201339235420e+04
3.511191734215130845e-03 1.039943558519863109e+04
3.566951179220785410e-03 1.052890612437825439e+04
3.623596111531801351e-03 1.065943465349673352e+04
3.681140593120421980e-03 1.079101158844118618e+04
3.739598909269899619e-03 1.092362672767069853e+04
3.798985572120782122e-03 1.105726924147612226e+04
3.859315324273520243e-03 1.119192766139361629e+04
3.920603142448283139e-03 1.132758986978993562e+04
3.982864241202894486e-03 1.146424308924819161e+04
4.046114076709806870e-03 1.160187387426845817e+04
4.110368350593068994e-03 1.174046809183406731e+04
4.175643013826208123e-03 1.188001095398152393e+04
4.241954270692029592e-03 1.202048643030072708e+04
4.309318582805285285e-03 1.216187615275246026e+04
4.377752673199237186e-03 1.230416043231718686e+04
4.447273530477108272e-03 1.244731877211078245e+04
4.517898413029462421e-03 1.259132980332764237e+04
4.589644853318562874e-03 1.273617129070642113e+04
4.662530662230762214e-03 1.288182011878403137e+04
4.736573933498017600e-03 1.302825228382556088e+04
4.811793048189609394e-03 1.317544288485421566e+04
4.888206679275208105e-03 1.332336611534224539e+04
4.965833796260388580e-03 1.347199525587582866e+04
5.044693669895770199e-03 1.362130266534823204e+04
5.124805876960931462e-03 1.377125977937253811e+04
5.206190305124303724e-03 1.392183708832217599e+04
5.288867157880234975e-03 1.407300414145009745e+04
5.372856959564463984e-03 1.422472844858120880e+04
5.458180560449236475e-03 1.437697519494166409e+04
5.544859141919333996e-03 1.452970840869182030e+04
5.632914221730314815e-03 1.468289105459944403e+04
5.722367659350220161e-03 1.483648503167220952e+04
5.813241661386169164e-03 1.499045116899594905e+04
5.905558787097077607e-03 1.514474922550570409e+04
5.999341953993944654e-03 1.529933788935152734e+04
6.094614443529072778e-03 1.545417477858051825e+04
6.191399906875633824e-03 1.560921644314388504e+04
6.289722370799015819e-03 1.576441836586194222e+04
6.389606243621413773e-03 1.591973497301649877e+04
6.491076321281138983e-03 1.607511961141737265e+04
6.594157793488149115e-03 1.623052466153650312e+04
6.698876249977338618e-03 1.638590066820626816e+04
6.805257686861129057e-03 1.654119300033143736e+04
6.913328513082944889e-03 1.669634354057288874e+04
7.023115556973169755e-03 1.685129299598782018e+04
7.134646072909217422e-03 1.700598077390295293e+04
7.247947748081369664e-03 1.716034503753680838e+04
7.363048709366054254e-03 1.731432271304193273e+04
7.479977530308276092e-03 1.746784950988065248e+04
7.598763238214934455e-03 1.762085994052152455e+04
7.719435321360785390e-03 1.777328734254226947e+04
7.842023736308833398e-03 1.792506390265569644e+04
7.966558915346982558e-03 1.807612068191089202e+04
8.093071774042774613e-03 1.822638764760080085e+04
8.221593718918117008e-03 1.837579368239070391e+04
8.352156655245865716e-03 1.852426668939696901e+04
8.484792994970244764e-03 1.867173036433480593e+04
8.619535664753033219e-03 1.881810026932124310e+04
8.756418114147526688e-03 1.896328952150400437e+04
8.895474323902323802e-03 1.910721006761726676e+04
9.036738814396948205e-03 1.924977265793713377e+04
9.180246654211472734e-03 1.939088692169503702e+04
9.326033468832199691e-03 1.953046141865480968e+04
9.474135449495605515e-03 1.966840370102147426e+04
9.624589362172737347e-03 1.980462037693832826e+04
9.777432556696273244e-03 1.993901717657979680e+04
9.932702976032534159e-03 2.007149902522813500e+04
1.009043916570073751e-02 2.020197010595229585e+04
1.025068028334182729e-02 2.033033397075955872e+04
1.041346610843927462e-02 2.045649351378635401e+04
1.057883705219423223e-02 2.058035085462940333e+04
1.074683416755753233e-02 2.070179969327087383e+04
1.091749915942097360e-02 2.082072679411663921e+04
1.109087439497047529e-02 2.093701809931624666e+04
1.126700291420362245e-02 2.105055910979686450e+04
1.144592844061424926e-02 2.116123500740342206e+04
1.162769539204669411e-02 2.126893076927308721e+04
1.181234889172242536e-02 2.137353130018684897e+04
1.199993477944177878e-02 2.147492156320573486e+04
1.219049962296357183e-02 2.157298671568396821e+04
1.238409072956545356e-02 2.166761225205328083e+04
1.258075615778781603e-02 2.175868413583702932e+04
1.278054472936421965e-02 2.184608899548601039e+04
1.298350604134127298e-02 2.192971408277005685e+04
1.318969047839098525e-02 2.200944814535119804e+04
1.339914922531863957e-02 2.208517615105229197e+04
1.361193427976931103e-02 2.215676955319878834e+04
1.382809846513614535e-02 2.222409486606330393e+04
1.404769544367365751e-02 2.228702049543679095e+04
1.427077972981925444e-02 2.234541623848978998e+04
1.449740670372631594e-02 2.239915369150486731e+04
1.472763262501219049e-02 2.244810643491163501e+04
1.496151464672451810e-02 2.249215027344918781e+04
1.519911082952933069e-02 2.253116346837696983e+04
1.544048015612448782e-02 2.256502697474911110e+04
1.568568254588198485e-02 2.259362468049345625e+04
1.593477886972280433e-02 2.261684364829054175e+04
1.618783096522797421e-02 2.263457435319827709e+04
1.644490165198960602e-02 2.264671094988939876e+04
1.670605474720571887e-02 2.265315135576139437e+04
1.697135508152269184e-02 2.265379348907491658e+04
1.724086851512933796e-02 2.264853294979859129e+04
1.751466195410653418e-02 2.263726953906080962e+04
1.779280336703652210e-02 2.261990794269285470e+04
1.807536180187587285e-02 2.259635804980522880e+04
1.836240740309659503e-02 2.256653520244405809e+04
1.865401142909925078e-02 2.253036045942084093e+04
1.895024626990272909e-02 2.248776085106168466e+04
1.925118546511487422e-02 2.243866962916682678e+04
1.955690372218854556e-02 2.238302651298807541e+04
1.986747693496753939e-02 2.232077791928212537e+04
2.018298220252709094e-02 2.225187721539619088e+04
2.050349784831351219e-02 2.217628486158706801e+04
2.082910343958782259e-02 2.209396885854548964e+04
2.115987980717812592e-02 2.200490692452906296e+04
2.149590906554568401e-02 2.190910890170628409e+04
2.183727463316962464e-02 2.180660497328017664e+04
2.218406125325540421e-02 2.169743281440471401e+04
2.253635501477209424e-02 2.158163736786609297e+04
2.289424337382377564e-02 2.145927085525214716e+04
2.325781517536031420e-02 2.133039279175323463e+04
2.362716067523289859e-02 2.119506996819045889e+04
2.400237156259986057e-02 2.105337642554343256e+04
2.438354098268829054e-02 2.090539342148007199e+04
2.477076355991711387e-02 2.075120934514145483e+04
2.516413542138739440e-02 2.059091977596582001e+04
2.556375422074564849e-02 2.042462688840210467e+04
2.596971916242615808e-02 2.025244136991281630e+04
2.638213102627821188e-02 2.007447533927845143e+04
2.680109219258448860e-02 1.989090131481370190e+04
2.722670666747670914e-02 1.970200288116104275e+04
2.765908010875493470e-02 1.950809542391918148e+04
2.809831985211684244e-02 1.930948862131876012e+04
2.854453493780358467e-02 1.910649102156791560e+04
2.899783613766877127e-02 1.889940821902873722e+04
2.945833598267730280e-02 1.868854259539826307e+04
2.992614879084095486e-02 1.847419274830614086e+04
3.040139069559752438e-02 1.825665302420898297e+04
3.088417967464070560e-02 1.803621306801090395e+04
3.137463557920776996e-02 1.781315741982437976e+04
3.187288016383234973e-02 1.758776503613967725e+04
3.237903711656973244e-02 1.736030947037809892e+04
3.289323208970212215e-02 1.713105587060559628e+04
3.341559273093151761e-02 1.690027696085894058e+04
3.394624871506796843e-02 1.666837275563878211e+04
3.448533177622105372e-02 1.643587113076748210e+04
3.503297574050253521e-02 1.620327480659063986e+04
3.558931655924840037e-02 1.597106532242227695e+04
3.615449234276846974e-02 1.573969982292984423e+04
3.672864339463194350e-02 1.550961203738662516e+04
3.731191224649743621e-02 1.528121229550342468e+04
3.790444369349613846e-02 1.505488794053671154e+04
3.850638483017686242e-02 1.483100377221132840e+04
3.911788508702192246e-02 1.460990260021653012e+04
3.973909626754290603e-02 1.439190587799288369e+04
4.037017258596553582e-02 1.417731440578536422e+04
4.101127070551300463e-02 1.396640911742652679e+04
4.166254977729721976e-02 1.375945280512218596e+04
4.232417147982774769e-02 1.355669594463093927e+04
4.299630005914809039e-02 1.335837363285017636e+04
4.367910236960938219e-02 1.316470418336813600e+04
4.437274791529160350e-02 1.297589013091579727e+04
4.507740889208258772e-02 1.279211927719127016e+04
4.579326023042521593e-02 1.261356576778531053e+04
4.652047963874351294e-02 1.244039112904071226e+04
4.725924764755833063e-02 1.227274558791984782e+04
4.800974765430367219e-02 1.211076643784957560e+04
4.877216596885460692e-02 1.195446116353749130e+04
4.954669185977833568e-02 1.180364469651460058e+04
5.033351760131960645e-02 1.165812414204645575e+04
5.113283852113239408e-02 1.151771535920695896e+04
5.194485304876952231e-02 1.138223932425243765e+04
5.276976276494231566e-02 1.125153336536864481e+04
5.360777245156256310e-02 1.112533202448855263e+04
5.445909014257914460e-02 1.100320464812892715e+04
5.532392717562197026e-02 1.088469817938111919e+04
5.620249824446606202e-02 1.076938195674950839e+04
5.709502145232881604e-02 1.065683881781124728e+04
5.800171836601342862e-02 1.054651706674144589e+04
5.892281407091264078e-02 1.043777113369626386e+04
5.985853722688545819e-02 1.032997248312204647e+04
6.080912012502146663e-02 1.022251250998162686e+04
6.177479874530657916e-02 1.011471780008934184e+04
6.275581281520449528e-02 1.000588708297438097e+04
6.375240586916847141e-02 9.895349996227592783e+03
6.476482530909821733e-02 9.782459693060263817e+03
6.579332246575682330e-02 9.666584417096602920e+03
6.683815266116302500e-02 9.547129107351343919e+03
6.789957527197432174e-02 9.423506382287394445e+03
6.897785379387658122e-02 9.295098469892818684e+03
7.007325590699629847e-02 9.161316116060104832e+03
7.118605354235148230e-02 9.021753694351273225e+03
7.231652294935798919e-02 8.876278545247785587e+03
7.346494476440769417e-02 8.724838819869139115e+03
7.463160408053588768e-02 8.567406298644926210e+03
7.581679051819496806e-02 8.403977703177259173e+03
7.702079829715195725e-02 8.234643497114097045e+03
7.824392630952796412e-02 8.059758359804707652e+03
7.948647819399742853e-02 7.879788270511003248e+03
8.074876241116565878e-02 7.695388538199223149e+03
8.203109232014356433e-02 7.507426435903485071e+03
8.333378625633819370e-02 7.316793581481644651e+03
8.465716761047889505e-02 7.124482052130609190e+03
8.600156490889818151e-02 6.931476272255016738e+03
8.736731189508771533e-02 6.738895023180847602e+03
8.875474761254931177e-02 6.547940461236849842e+03
9.016421648896169594e-02 6.359792466120086829e+03
9.159606842168389884e-02 6.175697370777462311e+03
9.305065886461642843e-02 5.996791946036703848e+03
9.452834891644189275e-02 5.824121807308159987e+03
9.602950541026687714e-02 5.658618906142525702e+03
9.755450100468743280e-02 5.501110151218544161e+03
9.910371427630070007e-02 5.352322349138189566e+03
1.006775298136856761e-01 5.212811716794939457e+03
1.022763383128763859e-01 5.082994663006379596e+03
1.039005366743513126e-01 4.963022977812822319e+03
1.055505281015629848e-01 4.852747444268151412e+03
1.072267222010323123e-01 4.751869595612353805e+03
1.089295350840324278e-01 4.659923084965556882e+03
1.106593894698873481e-01 4.576296554462245695e+03
1.124167147909110737e-01 4.500047331060596662e+03
1.142019472990131457e-01 4.430109989691833107e+03
1.160155301739971417e-01 4.365177644900943051e+03
1.178579136335791006e-01 4.303871202662316136e+03
1.197295550451529106e-01 4.244706947113912975e+03
1.216309190393307926e-01 4.186175132786602262e+03
1.235624776252867291e-01 4.126743143653380685e+03
1.255247103079316362e-01 4.064891968436842490e+03
1.275181042069493398e-01 3.999287444158502240e+03
1.295431541777228857e-01 3.928808900106604142e+03
1.316003629341812864e-01 3.852633750542926919e+03
1.336902411735970131e-01 3.770332481273057056e+03
1.358133077033654990e-01 3.681747568404438880e+03
1.379700895697976715e-01 3.587084798263476387e+03
1.401611221889582648e-01 3.486915978050526519e+03
1.423869494795812762e-01 3.382350439491555790e+03
1.446481239980967892e-01 3.274714067551048629e+03
1.469452070758017204e-01 3.165535427680461453e+03
1.492787689582089072e-01 3.056434576766179816e+03
1.516493889466093981e-01 2.949175366776921692e+03
1.540576555418825822e-01 2.845460017442706885e+03
1.565041665905900214e-01 2.746850097499676849e+03
1.589895294333897313e-01 2.654694732279265281e+03
1.615143610558068543e-01 2.569901092746911218e+03
1.640792882413989462e-01 2.493106181827747605e+03
1.666849477273535940e-01 2.424428607367311542e+03
1.693319863625568356e-01 2.363722952488945339e+03
1.720210612681719597e-01 2.310271438841359213e+03
1.747528400007682947e-01 2.263026590878305797e+03
1.775280007180405073e-01 2.220706292259207657e+03
1.803472323471597416e-01 2.181824075272400933e+03
1.832112347557981746e-01 2.144754640249506338e+03
1.861207189258693995e-01 2.107684897221244682e+03
1.890764071300282956e-01 2.068959388944822422e+03
1.920790331109732407e-01 2.027103252463400622e+03
1.951293422635962393e-01 1.981099346829934120e+03
1.982280918200252651e-01 1.930568379354611807e+03
2.013760510376056412e-01 1.875645873488990674e+03
2.045740013898660614e-01 1.817128899960219087e+03
2.078227367605178511e-01 1.756165128837159727e+03
2.111230636405345695e-01 1.694276269398117620e+03
2.144758013283615261e-01 1.633015156987507680e+03
2.178817821333048632e-01 1.573850811575370471e+03
2.213418515821501675e-01 1.518061001501531791e+03
2.248568686290627061e-01 1.466608366257265970e+03
2.284277058688207185e-01 1.420188088943919411e+03
2.320552497534349723e-01 1.378901693792012338e+03
2.357404008122085948e-01 1.342568865840892840e+03
2.394840738752911091e-01 1.310337881588377741e+03
2.432871983007831584e-01 1.281085581740593170e+03
2.471507182054472618e-01 1.253456882450736657e+03
2.510755926990826947e-01 1.226018359233254614e+03
2.550627961226223372e-01 1.197634487448754953e+03
2.591133182900102749e-01 1.167461904033840710e+03
2.632281647339211883e-01 1.135088519007085097e+03
2.674083569553810658e-01 1.100579916263288396e+03
2.716549326773528561e-01 1.064404615649271364e+03
2.759689461023484003e-01 1.027533654865153721e+03
2.803514681741320902e-01 9.910227489221449559e+02
2.848035868435799256e-01 9.560856051438798886e+02
2.893264073387606938e-01 9.235928365540225968e+02
2.939210524393067181e-01 8.939857859377345903e+02
2.985886627551406769e-01 8.673258630857147864e+02
3.033303970096298818e-01 8.431996062062224837e+02
3.081474323272361815e-01 8.209799357952188075e+02
3.130409645257348772e-01 7.998249444911662067e+02
3.180122084130738158e-01 7.788862182716654843e+02
3.230623980889443803e-01 7.575085049561901087e+02
3.281927872511477551e-01 7.352063050101489807e+02
3.334046495068195837e-01 7.120917865492116334e+02
3.386992786886009466e-01 6.885316063406271496e+02
3.440779891758291020e-01 6.650781909847523821e+02
3.495421162208292576e-01 6.423492694443383471e+02
3.550930162803875301e-01 6.208295963373332143e+02
3.607320673524885835e-01 6.008716120594107224e+02
3.664606693184001007e-01 5.825036836367725073e+02
3.722802442901901876e-01 5.653370900913680543e+02
3.781922369637633063e-01 5.489648563431475168e+02
3.841981149775027249e-01 5.329223132552116340e+02
3.902993692766083544e-01 5.168621221067226088e+02
3.964975144832201814e-01 5.006694255565477647e+02
4.027940892724199973e-01 4.843703583770915202e+02
4.091906567542036299e-01 4.682156094784585889e+02
4.156888048615196007e-01 4.525523970726958396e+02
4.222901467444695744e-01 4.375821471738825608e+02
4.289963211707691348e-01 4.234165909400981036e+02
4.358089929325681400e-01 4.100294103376914450e+02
4.427298532597314096e-01 3.972469349908146796e+02
4.497606202396826069e-01 3.848835182844586598e+02
4.569030392439155097e-01 3.727640133451667452e+02
4.641588833612781961e-01 3.607387530339554473e+02
4.715299538381385047e-01 3.488463435727371120e+02
4.790180805255390140e-01 3.372194987251056659e+02
4.866251223334533971e-01 3.259710431026387596e+02
4.943529676922563953e-01 3.151861272105611533e+02
5.022035350215224847e-01 3.049169858528987334e+02
5.101787732062686986e-01 2.950729616356674114e+02
5.182806620807610676e-01 2.855084815840795613e+02
5.265112129200036906e-01 2.761398158758111663e+02
5.348724689390332854e-01 2.669833832229416544e+02
5.433665058001423409e-01 2.580648890989284610e+02
5.519954321281572707e-01 2.494138824747433034e+02
5.607613900339002422e-01 2.410645349523178425e+02
5.696665556459623581e-01 2.330358694686727574e+02
5.787131396509233028e-01 2.252997408383640447e+02
5.879033878421484616e-01 2.178012909292660595e+02
5.972395816773021782e-01 2.105013758614323933e+02
6.067240388447144861e-01 2.034007730867158443e+02
6.163591138387414237e-01 1.965197435538250375e+02
6.261471985442630395e-01 1.898734488358415149e+02
6.360907228304631955e-01 1.834567894774149863e+02
6.461921551540387165e-01 1.772521210284015751e+02
6.564540031719884317e-01 1.712426188739136137e+02
6.668788143641326549e-01 1.654164972222884842e+02
6.774691766655194236e-01 1.597715208284555501e+02
6.882277191088732593e-01 1.543069981717549979e+02
6.991571124772466561e-01 1.490216922815791634e+02
7.102600699670350570e-01 1.439125186821450768e+02
7.215393478615222955e-01 1.389728024752075726e+02
7.329977462151210377e-01 1.341957244063133032e+02
7.446381095484798651e-01 1.295747953591903183e+02
7.564633275546290836e-01 1.251039864342010191e+02
7.684763358163396729e-01 1.207784156887047828e+02
7.806801165348757898e-01 1.165941140679236980e+02
7.930776992703183481e-01 1.125471524710344937e+02
8.056721616936468600e-01 1.086336808752666059e+02
8.184666303507638352e-01 1.048499225752238715e+02
8.314642814386523639e-01 1.011920876979267092e+02
8.446683415938599504e-01 9.765627979281265425e+01
8.580820886935033309e-01 9.423864414266927270e+01
8.717088526689937833e-01 9.093544732226736471e+01
8.855520163326846550e-01 8.774306345152537290e+01
8.996150162176471676e-01 8.465797399296464221e+01
9.139013434307811101e-01 8.167676427684443752e+01
9.284145445194744717e-01 7.879612082901876136e+01
9.431582223520252883e-01 7.601282836577289004e+01
9.581360370120451941e-01 7.332376735426281300e+01
9.733517067070671658e-01 7.072591156439578697e+01
9.888090086915810595e-01 6.821632553382009689e+01
1.004511780204728977e+00 6.579216208918971631e+01
1.020463919422890386e+00 6.345065992960044099e+01
1.036669386427395700e+00 6.118914124895431428e+01
1.053132204187607002e+00 5.900500950773925979e+01
1.069856459559610729e+00 5.689574683536887534e+01
1.086846304300770338e+00 5.485891416402019161e+01
1.104105956100390307e+00 5.289215655961531581e+01
1.121639699626748143e+00 5.099319623882588814e+01
1.139451887590751777e+00 4.915982310204837091e+01
1.157546941826492093e+00 4.738989356030509015e+01
1.175929354388950632e+00 4.568132858655810935e+01
1.194603688669144015e+00 4.403211205767778580e+01
1.213574580526973312e+00 4.244028906649086963e+01
1.232846739442065909e+00 4.090396428421982478e+01
1.252424949682893640e+00 3.942130035660741783e+01
1.272314071494454968e+00 3.799051632450104421e+01
1.292519042304821175e+00 3.660988611401243986e+01
1.313044877950839018e+00 3.527773694601631149e+01
1.333896673923302911e+00 3.399244788760924507e+01
1.355079606631897304e+00 3.275244406142948606e+01
1.376598934690228093e+00 3.155619644181060224e+01
1.398460000221262156e+00 3.040222459539306499e+01
1.420668230183496084e+00 2.928909553176142921e+01
1.443229137718186506e+00 2.821542227259727298e+01
1.466148323517974195e+00 2.717986247831672841e+01
1.489431477217242783e+00 2.618111711346031356e+01
1.513084378804558039e+00 2.521792914595483737e+01
1.537112900057535647e+00 2.428908228245629175e+01
1.561523006000496538e+00 2.339339973754525914e+01
1.586320756385270592e+00 2.252974303742977114e+01
1.611512307195515303e+00 2.169701085304054899e+01
1.637103912174925568e+00 2.089413787838774539e+01
1.663101924379708718e+00 2.012009369170528927e+01
1.689512797755718498e+00 1.937388195131572388e+01
1.716343088740630352e+00 1.865453968601204338e+01
1.743599457891562121e+00 1.796113582874087911e+01
1.771288671538542303e+00 1.729276995547049722e+01
1.799417603464234849e+00 1.664857137694705713e+01
1.827993236610340411e+00 1.602769821380126913e+01
1.857022664811095458e+00 1.542933650767675502e+01
1.886513094554298720e+00 1.485269935493885818e+01
1.916471846770306797e+00 1.429702606524442032e+01
1.946906358649436841e+00 1.376158134376456488e+01
1.977824185488231912e+00 1.324565449662163630e+01
2.009233002565046000e+00 1.274855865901730922e+01
2.041140607045413002e+00 1.226963004490906073e+01
2.073554919917677264e+00 1.180822722125411239e+01
2.106483987959356874e+00 1.136373038544189917e+01
2.139935985734740864e+00 1.093554044324143604e+01
2.173919217624203259e+00 1.052307826213245789e+01
2.208442119885747790e+00 1.012578442681118318e+01
2.243513262749287751e+00 9.743118617431097306e+00
2.279141352544187260e+00 9.374558996558853607e+00
2.315335233860585262e+00 9.019601608298071227e+00
2.352103891745045861e+00 8.677759797225347072e+00
2.389456453931075419e+00 8.348563644474147338e+00
2.427402193105059336e+00 8.031559421057664849e+00
2.465950529208186470e+00 7.726309057804239266e+00
2.505111031774926555e+00 7.432389631526696405e+00
2.544893422308645015e+00 7.149392866821686177e+00
2.585307576694944931e+00 6.876924653563478707e+00
2.626363527653329921e+00 6.614604578055275574e+00
2.668071467227805194e+00 6.362065459586433214e+00
2.710441749317028748e+00 6.118952822047273088e+00
2.753484892244640658e+00 5.884924538064746358e+00
2.797211581370415701e+00 5.659650468160543291e+00
2.841632671742874816e+00 5.442812060136303920e+00
2.886759190794029983e+00 5.234101959931759751e+00
2.932602341076914865e+00 5.033223634910713784e+00
2.979173503046593563e+00 4.839891009118184151e+00
3.026484237885334050e+00 4.653828110136934093e+00
3.074546290372641266e+00 4.474768727214981645e+00
3.123371591800873759e+00 4.302456080338324718e+00
3.172972262937164167e+00 4.136642499873288692e+00
3.223360617032346997e+00 3.977089116679050740e+00
3.274549162877731678e+00 3.823565561535314572e+00
3.326550607910355950e+00 3.675849676595975168e+00
3.379377861367582891e+00 3.533727218874303855e+00
3.433044037491790323e+00 3.396991579587711474e+00
3.487562458785950614e+00 3.265443543258984338e+00
3.542946659320909131e+00 3.138891041343250254e+00
3.599210388095188229e+00 3.017148904306660828e+00
3.656367612448142346e+00 2.900038623340890354e+00
3.714432521527319064e+00 2.787388119572657530e+00
3.773419529810879247e+00 2.679031520967594115e+00
3.833343280685960419e+00 2.574808946596625070e+00
3.894218650083861366e+00 2.474566298053068270e+00
3.956060750172959217e+00 2.378155057797313621e+00
4.018884933110267177e+00 2.285432094241105716e+00
4.082706794852575705e+00 2.196259473108295612e+00
4.147542179028108400e+00 2.110504276374077115e+00
4.213407180869668700e+00 2.028038419217218724e+00
4.280318151210241062e+00 1.948738427512049398e+00
4.348291700542049831e+00 1.872485280746662095e+00
4.417344703140073214e+00 1.799164323480480387e+00
4.487494301251045314e+00 1.728665108384839666e+00
4.558757909348973847e+00 1.660881247639361513e+00
4.631153218458249121e+00 1.595710267707837193e+00
4.704698200545393227e+00 1.533053469575187178e+00
4.779411112980564091e+00 1.472815793682467733e+00
4.855310503069902417e+00 1.414905689556529733e+00
4.932415212659855719e+00 1.359234989940087734e+00
5.010744382814625197e+00 1.305718789285659431e+00
5.090317458567891862e+00 1.254275326456032458e+00
5.171154193749995187e+00 1.204825871527014369e+00
5.253274655891780220e+00 1.157294616443202306e+00
5.336699231206313065e+00 1.111608573095137720e+00
5.421448629649710860e+00 1.067697484194020996e+00
5.507543890062343017e+00 1.025493711020996512e+00
5.595006385391669390e+00 9.849321327996891640e-01
5.683857827998026302e+00 9.459500556210670430e-01
5.774120275044672290e+00 9.084871245143736340e-01
5.865816133973423163e+00 8.724852385990815584e-01
5.958968168067249493e+00 8.378884692107976262e-01
6.053599502101209673e+00 8.046429809006341305e-01
6.149733628083116521e+00 7.726969552111022654e-01
6.247394411085378962e+00 7.420005171389859600e-01
6.346606095169448736e+00 7.125056641771282395e-01
6.447393309404349182e+00 6.841661979179871622e-01
6.549781073980787127e+00 6.569376578576512360e-01
6.653794806422357766e+00 6.307772581890414010e-01
6.759460327895382648e+00 6.056438194120102869e-01
6.866803869618954614e+00 5.814977080624783579e-01
6.975852079376779535e+00 5.583007881324570931e-01
7.086632028132422434e+00 5.360163675708815578e-01
7.199171216749612690e+00 5.146091446451289686e-01
7.313497582819271869e+00 4.940451565581816529e-01
7.429639507594949954e+00 4.742917298370609158e-01
7.547625823038409898e+00 4.553174325245528120e-01
7.667485818977094247e+00 4.370920280909337818e-01
7.789249250375253730e+00 4.195864310097127126e-01
7.912946344720549696e+00 4.027726639388976015e-01
8.038607809527958281e+00 3.866238164562282864e-01
8.166264839962837030e+00 3.711140052542711287e-01
8.295949126585053790e+00 3.562183359785109915e-01
8.427692863216094565e+00 3.419128649432160993e-01
8.561528754931101659e+00 3.281745573087208601e-01
8.697490026177835176e+00 3.149812562230602797e-01
8.835610429024560730e+00 3.023116560974558609e-01
8.975924251538929255e+00 2.901452701817172075e-01
9.118466326299902391e+00 2.784623998404776590e-01
9.263272039044860406e+00 2.672441047785859558e-01
9.410377337454033153e+00 2.564721744138660497e-01
9.559818740074421228e+00 2.461291002942901374e-01
9.711633345385447313e+00 2.361980495380588130e-01
9.865858841008558144e+00 2.266628392554145832e-01
1.002253351306309703e+01 2.175079119188025045e-01
1.018169625567074021e+01 2.087183116434188634e-01
1.034338658061087202e+01 2.002796613569425010e-01
1.050764462712928982e+01 1.921781407903205008e-01
1.067451117190268306e+01 1.844004656599941838e-01
1.084402763916134127e+01 1.769338678174520452e-01
1.101623611097262767e+01 1.697660747601425490e-01
1.119117933768775508e+01 1.628852905163256093e-01
1.136890074855445754e+01 1.562801774874205407e-01
1.154944446249819912e+01 1.499398389591987124e-01
1.173285529907459512e+01 1.438538022669603456e-01
1.191917878959576704e+01 1.380120025900969660e-01
1.210846118843337571e+01 1.324047673529219482e-01
1.230074948450116956e+01 1.270228012097069648e-01
1.249609141291986703e+01 1.218571715928067067e-01
1.269453546686728984e+01 1.168992948021548850e-01
1.289613090961668540e+01 1.121409226208351789e-01
1.310092778676621172e+01 1.075741294197274239e-01
1.330897693866264930e+01 1.031912997501437390e-01
1.352033001302239157e+01 9.898511526092250434e-02
1.373503947775287237e+01 9.494854340559182038e-02
1.395315863397760126e+01 9.107482765372494626e-02
1.417474162926804837e+01 8.735747692751606730e-02
1.439984347108563867e+01 8.379025532478312499e-02
1.462852004043724463e+01 8.036717224588854624e-02
1.486082810574749935e+01 7.708247289289783810e-02
1.509682533695143292e+01 7.393062913089146204e-02
1.533657031981089958e+01 7.090633069713833669e-02
1.558012257045835725e+01 6.800447674523804609e-02
1.582754255017160361e+01 6.522016771176682159e-02
1.607889168038315120e+01 6.254869749392986955e-02
1.633423235792795225e+01 5.998554592143690023e-02
1.659362797053326943e+01 5.752637154167575956e-02
1.685714291255453290e+01 5.516700441771603403e-02
1.712484260096108102e+01 5.290343869156942380e-02
1.739679349157577803e+01 5.073182684601359321e-02
1.767306309557251964e+01 4.864847406281965631e-02
1.795371999623571213e+01 4.664983220365696154e-02
1.823883386598592082e+01 4.473249407580962705e-02
1.852847548367588715e+01 4.289318790321892255e-02
1.882271675216120954e+01 4.112877201544398037e-02
1.912163071615006160e+01 3.943622974085557453e-02
1.942529158033637060e+01 3.781266449764505294e-02
1.973377472782096476e+01 3.625529507493818748e-02
2.004715673882523319e+01 3.476145109623608731e-02
2.036551540970200946e+01 3.332856866035498883e-02
2.068892977224832563e+01 3.195418614594171952e-02
2.101748011332487209e+01 3.063594019366528906e-02
2.135124799478701263e+01 2.937156166006609642e-02
2.169031627373234983e+01 2.815887180460970377e-02
2.203476912306977553e+01 2.699577899782160118e-02
2.238469205241522886e+01 2.588027532958595001e-02
2.274017192931923503e+01 2.481043329448990448e-02
2.310129700083157900e+01 2.378440261016973381e-02
2.346815691540844284e+01 2.280040715962546038e-02
2.384084274516740720e+01 2.185674205303987649e-02
2.421944700849590149e+01 2.095177080456799359e-02
2.460406369301867358e+01 2.008392261962474099e-02
2.499478827893000243e+01 1.925168978834996061e-02
2.539171776269643388e+01 1.845362518144803843e-02
2.579495068113591927e+01 1.768833984323358449e-02
2.620458713587936117e+01 1.695450068285025633e-02
2.662072881822060211e+01 1.625082822769052804e-02
2.704347903436104872e+01 1.557609429536227497e-02
2.747294273105521256e+01 1.492912003066473002e-02
2.790922652166347362e+01 1.430877413083241241e-02
2.835243871261860349e+01 1.371397094530896546e-02
2.880268933031260659e+01 1.314366865389282255e-02
2.926009014841048739e+01 1.259686751476010204e-02
2.972475471559781113e+01 1.207260818225460754e-02
3.019679838376890402e+01 1.156997009110903758e-02
3.067633833666269538e+01 1.108806990464991302e-02
3.116349361895329295e+01 1.062606002441864560e-02
3.165838516580262407e+01 1.018312715883509974e-02
3.216113583288204580e+01 9.758490948868462841e-03
3.267187042687134380e+01 9.351402646002390448e-03
3.319071573644149709e+01 8.961143854496252809e-03
3.371780056372966072e+01 8.587025105937290057e-03
3.425325575631405428e+01 8.228384271990199506e-03
3.479721423969654381e+01 7.884586012888616241e-03
3.534981105030109205e+01 7.555020909795993715e-03
3.591118336899622676e+01 7.239104399071286111e-03
3.648147055514987613e+01 6.936275767567674777e-03
3.706081418122502669e+01 6.645997183477431007e-03
3.764935806792471595e+01 6.367752767735314519e-03
3.824724831989521334e+01 6.101047702608904284e-03
3.885463336199617856e+01 5.845407376514084180e-03
3.947166397614672206e+01 5.600376563129859375e-03
4.009849333875673949e+01 5.365518634696234482e-03
4.073527705875252991e+01 5.140414803842619472e-03
4.138217321620641798e+01 4.924663407005426888e-03
4.203934240157968816e+01 4.717879193994770244e-03
4.270694775558884970e+01 4.519693002205360001e-03
4.338515500970493122e+01 4.329751103602004318e-03
4.407413252729588748e+01 4.147714195122697775e-03
4.477405134542246401e+01 3.973256771983475939e-03
4.548508521729773690e+01 3.806066577878412099e-03
4.620741065542090809e+01 3.645844072130989197e-03
4.694120697539617026e+01 3.492301918426428831e-03
4.768665634044735668e+01 3.345164493881440382e-03
4.844394380663953825e+01 3.204167417478770256e-03
4.921325736881877333e+01 3.069057097498790326e-03
4.999478800728137173e+01 2.939590295846349326e-03
5.078872973518433298e+01 2.815533714075377225e-03
5.159527964670862588e+01 2.696663578470312201e-03
5.241463796598739577e+01 2.582765308506322372e-03
5.324700809681109348e+01 2.473632809068053787e-03
5.409259667312205266e+01 2.369067101559845043e-03
5.495161361031081526e+01 2.268876764589179262e-03
5.582427215732719361e+01 2.172878555893789816e-03
5.671078894961878802e+01 2.080896990738235423e-03
5.761138406291025404e+01 1.992764024841593359e-03
5.852628106783657103e+01 1.908318727194277878e-03
5.945570708544394734e+01 1.827406973074645119e-03
6.039989284357206145e+01 1.749881149524226773e-03
6.135907273413175744e+01 1.675599874209539883e-03
6.233348487129223514e+01 1.604427726746542569e-03
6.332337115059236510e+01 1.536234991966536076e-03
6.432897730899070154e+01 1.470897414410953343e-03
6.535055298586910055e+01 1.408295964887293274e-03
6.638835178500508505e+01 1.348316614537069030e-03
6.744263133752843942e+01 1.290851172481493475e-03
6.851365336587750221e+01 1.235798376635048211e-03
6.960168374877115127e+01 1.183061030804654626e-03
7.070699258721259639e+01 1.132546017577687686e-03
7.182985427154132196e+01 1.084161800752162863e-03
7.297054754954980638e+01 1.037818147749761024e-03
7.412935559568207111e+01 9.934303143456105298e-04
7.530656608133104157e+01 9.509167930488170465e-04
7.650247124625228423e+01 9.101994882256029488e-04
7.771736797111188366e+01 8.712035132353708423e-04
7.895155785118633673e+01 8.338570604754488901e-04
8.020534727123292384e+01 7.980912766090537090e-04
8.147904748154896026e+01 7.638401427730374298e-04
8.277297467523895591e+01 7.310403595697787579e-04
8.408745006670888245e+01 6.996312366552359186e-04
8.542279997140681758e+01 6.695545867423571135e-04
8.677935588683004653e+01 6.407546238460523971e-04
8.815745457481850167e+01 6.131778656027223268e-04
8.955743814515516021e+01 5.867730395036993172e-04
9.097965414049393473e+01 5.614909928882926265e-04
9.242445562263638692e+01 5.372846065480203206e-04
9.389220126017842460e+01 5.141087117994525956e-04
9.538325541754902304e+01 4.919200108885493595e-04
9.689798824546276990e+01 4.706770005947877485e-04
9.843677577280899982e+01 4.503398989084206935e-04
1.000000000000000000e+02 4.308705746591852273e-04
